2024-11-13T16:40:55.10Z 0.504037 2041.013062 2048.525879 179.929779 970.062195
2024-11-13T16:41:40.10Z 0.504037 2041.015381 2048.518555 179.92981 970.062744
2024-11-13T16:42:25.10Z 0.504037 2041.015381 2048.514893 179.929733 970.063354
2024-11-13T16:43:10.10Z 0.504037 2041.019287 2048.514893 179.929794 970.063904
2024-11-13T16:43:55.10Z 0.504037 2041.019287 2048.498291 179.929916 970.064514
2024-11-13T16:44:40.10Z 0.504037 2041.01709 2048.5 179.929901 970.065063
2024-11-13T16:45:25.10Z 0.504037 2040.999756 2048.5 179.92981 970.065674
2024-11-13T16:46:10.10Z 0.504037 2040.987061 2048.498291 179.929749 970.066223
2024-11-13T16:46:55.10Z 0.504037 2040.986816 2048.472168 179.929779 970.066833
2024-11-13T16:47:40.10Z 0.504037 2040.986816 2048.424561 179.929764 970.067383
2024-11-13T16:48:25.10Z 0.504037 2040.998169 2048.424561 179.929764 970.067932
2024-11-13T16:49:10.10Z 0.504037 2041.0354 2048.424561 179.929871 970.068542
