1.717205490000000000e+09 1.219455888748825956e+01 1.178861000357392247e-01 3.585724386283756644e+02 1.822166931023320302e+01
1.717205669000000000e+09 9.442514257861471805e+00 1.163331568792497217e-01 4.413747848991117166e+02 2.472594285544260373e+01
1.717205849000000000e+09 8.061089613281398059e+00 1.211197438281137601e-01 3.750730514173277470e+02 5.177676213894044110e+01
1.717206029000000000e+09 7.392321002481238246e+00 1.274418806200348364e-01 3.822552283772409965e+02 9.208051130767086079e+01
1.717206209000000000e+09 7.157273765620939088e+00 1.363870642788176102e-01 3.257056184293688261e+02 1.154513944887059438e+02
1.717206389000000000e+09 6.595005460391996976e+00 1.424910278880718861e-01 3.713127810942520455e+02 2.278697910143699232e+02
1.717206569000000000e+09 6.457001365223167255e+00 1.546378662619858069e-01 3.376562727125360084e+02 3.186201794491384476e+02
1.717206749000000000e+09 6.149727179022127288e+00 1.645187096377559444e-01 3.866459246501557345e+02 5.312098351766281894e+02
1.717206929000000000e+09 6.107624823533840619e+00 2.623783007223942643e-01 3.546825283480401936e+02 1.333512297524753194e+03
1.717207109000000000e+09 6.283840813096613687e+00 2.006239102510290195e-01 2.889941995252020206e+02 5.945346705173195687e+02
1.717207289000000000e+09 6.341897127676315193e+00 8.880730610327064456e-02 1.942360842550116899e+02 1.085621869375894555e+01
1.717207469000000000e+09 6.263795704851771617e+00 8.784782898349534352e-02 1.965111032434047615e+02 1.110113235118839725e+01
1.717207649000000000e+09 6.167886844411820668e+00 9.026967459373927416e-02 2.039110200639273671e+02 1.214864008737948353e+01
1.717207829000000000e+09 6.264864824522731190e+00 8.733150761734539969e-02 1.982019186739422310e+02 1.112472519524389547e+01
1.717208009000000000e+09 6.402192155765365378e+00 9.078106719321102358e-02 1.878517007659966680e+02 1.054845739921901959e+01
1.717208189000000000e+09 6.751949915093696575e+00 1.757746559769979844e-01 2.025611669066097704e+02 2.017425566149499900e+02
1.717208369000000000e+09 6.862175299314397847e+00 9.394039373023910233e-02 1.688998117398630541e+02 8.707161213967506086e+00
1.717208549000000000e+09 7.448518914049586215e+00 1.746835132080716280e-01 1.602088739196183269e+02 1.046012832303396038e+02
1.717208729000000000e+09 8.443101041882028923e+00 1.763265943021074256e-01 1.154316811607531577e+02 3.321442147671986334e+01
1.717208909000000000e+09 8.134611633789996077e+00 1.574828865824316471e-01 1.755110957881140621e+02 4.339846641424134788e+01
1.717209089000000000e+09 8.447230734337871638e+00 1.566123312727571160e-01 1.632637395449027906e+02 2.855610572635737299e+01
1.717209269000000000e+09 7.804624459682495186e+00 1.419104283158147406e-01 2.631711518729810564e+02 4.636427550585961654e+01
1.717209449000000000e+09 7.659655555443377395e+00 1.356854168303235630e-01 2.842961168783803600e+02 6.504765120392343647e+01
1.717209629000000000e+09 7.921211057795550126e+00 1.371751854070815124e-01 2.572674349802301208e+02 5.243501638742977633e+01
1.717209809000000000e+09 7.473774683220646864e+00 1.340960446815894491e-01 3.110244503717902944e+02 8.996740425657827700e+01
1.717209989000000000e+09 7.192099570835615019e+00 1.328009232111018734e-01 3.505787761844293868e+02 1.067454089827024006e+02
1.717210169000000000e+09 6.635121609038186818e+00 1.399369663731148128e-01 3.921376760230220953e+02 3.255536239550543200e+02
1.717210349000000000e+09 6.319827385304931155e+00 1.449457082487209669e-01 4.204295429357837293e+02 4.536545163063687482e+02
1.717210529000000000e+09 6.772207422687356981e+00 1.493435598301461054e-01 3.086963492744425253e+02 2.271921258231139404e+02
1.717210709000000000e+09 7.324949103399031713e+00 1.456207475452741817e-01 2.570809430170796190e+02 1.035490454851694579e+02
1.717210889000000000e+09 9.970617797693746454e+00 1.560938152131432777e-01 1.346748900845960293e+02 1.221998107542786727e+01
1.717211069000000000e+09 9.840420362540973187e+00 1.396549356945057663e-01 2.112278604030355780e+02 1.496795089400738021e+01
1.717211249000000000e+09 1.127192251245386778e+01 1.422225642507004284e-01 1.454036052050162198e+02 1.144132955936644969e+01
1.717211429000000000e+09 1.395672375582870117e+01 1.371807604865898089e-01 1.642841988107455222e+02 1.237094195220547377e+01
1.717211585500000000e+09 1.564864160195752874e+01 1.436324966015622706e-01 2.928306631350715179e+02 1.964635939211481741e+01
1.717211683500000000e+09 2.001374978272294669e+01 1.717700351993562691e-01 6.493610815905112759e+02 3.587599630594074540e+01
1.717211732000000000e+09 2.306455397360167936e+01 1.823998042007375642e-01 1.264872991922326264e+03 6.269462047150576467e+01
1.717211762000000000e+09 2.442540489141634907e+01 1.781158967465236720e-01 2.125693323782752032e+03 9.140471952298995006e+01
1.717211786000000000e+09 2.466584491255849088e+01 1.762594371033646690e-01 2.916834624815631287e+03 1.124433459843897936e+02
1.717211807500000000e+09 2.448883861940398177e+01 1.710558551961649243e-01 3.390279544617928423e+03 1.306537910878634250e+02
1.717211827000000000e+09 2.344326334587418259e+01 1.651658407150991548e-01 4.165222805172096741e+03 1.529000268448118334e+02
1.717211845000000000e+09 2.325956644930287709e+01 1.614817454757936643e-01 4.532800692972515208e+03 1.636017242407452557e+02
1.717211862500000000e+09 2.269301625040377601e+01 1.572844461976116437e-01 5.087216206240596875e+03 1.779797238353469027e+02
1.717211879500000000e+09 2.240998369191051509e+01 1.554213630247705258e-01 5.454184918680535702e+03 1.885901096705573536e+02
1.717211896000000000e+09 2.202669189474802991e+01 1.526553973089992411e-01 5.800660372946359530e+03 1.969946277643274755e+02
1.717211912000000000e+09 2.180099651152499973e+01 1.525524478968523778e-01 5.996187147853926945e+03 2.047917720401189285e+02
1.717211928000000000e+09 2.162392290712235621e+01 1.497035918720608927e-01 6.128783391785085769e+03 2.081791400993750756e+02
1.717211944000000000e+09 2.111278713098223392e+01 1.467834569201331152e-01 6.442712560112798201e+03 2.165293540274793145e+02
1.717211960000000000e+09 2.082659116405181976e+01 1.445433035821506729e-01 6.520356312278830046e+03 2.185657538481005986e+02
1.717211976500000000e+09 2.047069905709133053e+01 1.404246420678274543e-01 6.758872965809370726e+03 2.225209718621356956e+02
1.717211993500000000e+09 2.043034649902845246e+01 1.434412489388981193e-01 6.576330878888244115e+03 2.212292351520594309e+02
1.717212010500000000e+09 1.960728842905657032e+01 1.368831967564604346e-01 7.158164825419547014e+03 2.364051848681438912e+02
1.717212027500000000e+09 1.920867251179685198e+01 1.320953159991752335e-01 7.144979414397517758e+03 2.379646781321636126e+02
1.717212044500000000e+09 1.901871543165447775e+01 1.333818130456170814e-01 7.251327446184202017e+03 2.407596892852364192e+02
1.717212062000000000e+09 1.869104283363177288e+01 1.303866015372551757e-01 7.211008585634491283e+03 2.414055037978412201e+02
1.717212080000000000e+09 1.814570033773713575e+01 1.283851344725552845e-01 7.345539836521797042e+03 2.508628598974477200e+02
1.717212098500000000e+09 1.795949597955317145e+01 1.271655670332849652e-01 7.218498002397055643e+03 2.483476703288794738e+02
1.717212117500000000e+09 1.744545763856622500e+01 1.213482921241748891e-01 7.498646753246937806e+03 2.548634885320845456e+02
1.717212137000000000e+09 1.708558669801234231e+01 1.185752756661346968e-01 7.375887525426325737e+03 2.542906102197920575e+02
1.717212157500000000e+09 1.645433617946407168e+01 1.124409273699960993e-01 7.626483957739482321e+03 2.620007675787107360e+02
1.717212179000000000e+09 1.634081494601954176e+01 1.129783811079138750e-01 7.246643132449486075e+03 2.536229058193394792e+02
1.717212201500000000e+09 1.611501237226351080e+01 1.133467250037823032e-01 6.840451746952646317e+03 2.466637164453941011e+02
1.717212224500000000e+09 1.607894117579492388e+01 1.174995614539410121e-01 6.386568336456367433e+03 2.368017500882820343e+02
1.717212248500000000e+09 1.556510758627498880e+01 1.108977892887468286e-01 6.515871412045165016e+03 2.362395932330429673e+02
1.717212274000000000e+09 1.519469943929055233e+01 1.074137573777508153e-01 6.477196722225145095e+03 2.316231525717849422e+02
1.717212301500000000e+09 1.522248364123051800e+01 1.083409912036244482e-01 5.907877165648202208e+03 2.167212057053545777e+02
1.717212331000000000e+09 1.524270175128403260e+01 1.110171671879194855e-01 5.508595407916816839e+03 2.044230155424605755e+02
1.717212361500000000e+09 1.497478240827913609e+01 1.100896019344186766e-01 5.272388701583658076e+03 1.979147830921806985e+02
1.717212393500000000e+09 1.472486035608842414e+01 1.088280588746720068e-01 5.069300318390842222e+03 1.921082571734822579e+02
1.717212427000000000e+09 1.480718510140445687e+01 1.110008802545019990e-01 4.657588591864728187e+03 1.795228041402848191e+02
1.717212462500000000e+09 1.455565135113252673e+01 1.078905956453202197e-01 4.579260167138396355e+03 1.751553370136568901e+02
1.717212500500000000e+09 1.447212596694225972e+01 1.067160777312493730e-01 4.327644775304620453e+03 1.658511073967337950e+02
1.717212539500000000e+09 1.415286502936756285e+01 1.057912049478000466e-01 4.225456290421810081e+03 1.622385811277079597e+02
1.717212580000000000e+09 1.381941466197300983e+01 1.024537494546418626e-01 4.107012160797489742e+03 1.568834485968891386e+02
1.717212623000000000e+09 1.362974479883815526e+01 1.028281046006680605e-01 3.853076536009669780e+03 1.502667553171088457e+02
1.717212669000000000e+09 1.344512810113599066e+01 1.014628299160568042e-01 3.637871542286462955e+03 1.430699339068462450e+02
1.717212718000000000e+09 1.319633833169799253e+01 1.006445489632271789e-01 3.487524323876195467e+03 1.372595674851424121e+02
1.717212769000000000e+09 1.318426598106947623e+01 1.015381323176627881e-01 3.133320097252486903e+03 1.274843313275181771e+02
1.717212822500000000e+09 1.298668594282087518e+01 1.005314074660712681e-01 3.012523137878830767e+03 1.223691065510531359e+02
1.717212878000000000e+09 1.290128525691848438e+01 1.009659120659048698e-01 2.856596051903596617e+03 1.179432725970687272e+02
1.717212935500000000e+09 1.317354524673621796e+01 1.024721183380813000e-01 2.529747815692863696e+03 1.087516551912040086e+02
1.717212995500000000e+09 1.334739371504211292e+01 1.046380922610306158e-01 2.257033571628264326e+03 1.020629620569309282e+02
1.717213057000000000e+09 1.336189215279065756e+01 1.036886198971350009e-01 2.171091801285519978e+03 9.683708718864592413e+01
1.717213120500000000e+09 1.361681278397846029e+01 1.067176175587128822e-01 1.942155523588413189e+03 9.136644705448077275e+01
1.717213187500000000e+09 1.358472669150732948e+01 1.048739953032537114e-01 1.870389187920169661e+03 8.733845180858263291e+01
1.717213256000000000e+09 1.393225285051279982e+01 1.099951683294702054e-01 1.686501157101823310e+03 8.257722156002064651e+01
1.717213324500000000e+09 1.385684750893796924e+01 1.096520361774176444e-01 1.699054895475852163e+03 8.163101800350428050e+01
1.717213394000000000e+09 1.394717452738289509e+01 1.101702017428144026e-01 1.627737653553451537e+03 7.895606738719220630e+01
1.717213465500000000e+09 1.358237308712442548e+01 1.040656273541120669e-01 1.692716732530851687e+03 7.804286839247183138e+01
1.717213539500000000e+09 1.359680637201166498e+01 1.071936736139605384e-01 1.605440061101020547e+03 7.628995365541906892e+01
1.717213615000000000e+09 1.330251786817647641e+01 1.048268804106664981e-01 1.593850287013593515e+03 7.519301511743802280e+01
1.717213694000000000e+09 1.310009244555799235e+01 1.016508152384067304e-01 1.593783731578937022e+03 7.389016478082112371e+01
1.717213777000000000e+09 1.298243579590613095e+01 1.012322439140894009e-01 1.574440046236638182e+03 7.163657385985391102e+01
1.717213864000000000e+09 1.275840683466025638e+01 9.952892864075282842e-02 1.514549741554209504e+03 6.986888804859201230e+01
1.717213955000000000e+09 1.235469640648877743e+01 9.788581106276218746e-02 1.518393923675939504e+03 6.929473501534310742e+01
1.717214050000000000e+09 1.192169419333611380e+01 9.491708502064137576e-02 1.512539372470970193e+03 6.799991731389536653e+01
1.717214150000000000e+09 1.157773459548304373e+01 9.688450208202124825e-02 1.457937146409734623e+03 6.669605991054959304e+01
1.717214258000000000e+09 1.088594676760220636e+01 9.131482837797766372e-02 1.537927767640048160e+03 6.629684204864605590e+01
1.717214357500000000e+09 1.052944218104959440e+01 1.011825772536742718e-01 1.536517920462758639e+03 7.031197818868854199e+01
