7.243260400000000373e+06
7.241678400000000373e+06
7.206057100000001490e+06
7.211685200000000186e+06
7.227094000000000000e+06
7.227141300000000745e+06
7.230722900000000373e+06
7.243896100000000559e+06
7.229009600000001490e+06
7.228594600000000559e+06
7.227946899999999441e+06
7.237175200000000186e+06
7.239410600000000559e+06
7.228726700000000186e+06
7.225924600000000559e+06
7.223556099999999627e+06
7.234471100000001490e+06
7.247579100000000559e+06
7.235172200000000186e+06
7.231676599999999627e+06
7.233605400000000373e+06
7.230971400000000373e+06
7.250022799999999814e+06
7.218417199999999255e+06
7.226311400000000373e+06
7.229505200000000186e+06
7.240205300000000745e+06
7.266128500000000000e+06
7.283610500000000000e+06
7.288260100000000559e+06
7.285543300000000745e+06
7.254866200000001118e+06
7.272970799999999814e+06
7.268690400000000373e+06
7.244369600000000559e+06
7.252779200000000186e+06
7.253605600000000559e+06
7.268376800000000745e+06
7.266899000000000000e+06
7.239258900000000373e+06
7.249589399999999441e+06
7.257682099999999627e+06
7.261557200000001118e+06
7.266399900000000373e+06
7.230510699999999255e+06
7.229078700000001118e+06
7.251079700000000186e+06
7.249702200000000186e+06
7.258835300000000745e+06
7.232336700000000186e+06
7.247341800000000745e+06
7.268067299999999814e+06
7.271069700000000186e+06
7.259167200000000186e+06
7.226926400000001304e+06
7.248037199999999255e+06
7.249788900000000373e+06
7.256213400000000373e+06
7.257042599999999627e+06
7.218601900000000373e+06
7.246325200000001118e+06
7.242279900000000373e+06
7.240689799999999814e+06
7.253795800000000745e+06
7.239098800000000745e+06
7.238792900000000373e+06
7.240827300000000745e+06
7.242527400000000373e+06
7.236220800000000745e+06
7.229212600000000559e+06
7.231763700000000186e+06
7.228859500000000000e+06
7.234905200000001118e+06
7.234147600000000559e+06
7.250141800000000745e+06
7.226896199999999255e+06
7.230120900000000373e+06
7.226844599999999627e+06
7.226384200000000186e+06
7.243834299999999814e+06
7.218637200000000186e+06
7.220361700000001118e+06
7.227458900000000373e+06
7.224661200000001118e+06
7.239433400000000373e+06
7.213315400000000373e+06
7.261373099999999627e+06
7.263930799999999814e+06
7.279627099999999627e+06
7.282513900000000373e+06
7.285637900000000373e+06
7.247686900000000373e+06
7.254153200000001118e+06
7.274542000000000000e+06
7.281952200000000186e+06
7.287682600000000559e+06
7.213172000000000931e+06
7.218071800000000745e+06
7.247753700000000186e+06
7.294992700000001118e+06
7.297484800000000745e+06
7.258324300000000745e+06
7.276830100000000559e+06
7.282074500000000000e+06
7.282666199999999255e+06
7.292218600000000559e+06
7.264493000000000000e+06
7.282335900000000373e+06
7.281296400000000373e+06
7.281704200000001118e+06
7.287824800000000745e+06
7.251495100000001490e+06
7.266652400000000373e+06
7.260572700000000186e+06
7.261935700000001118e+06
7.256690700000000186e+06
7.259182100000001490e+06
7.267935400000000373e+06
7.265772599999999627e+06
7.268350399999999441e+06
7.233053100000000559e+06
7.261013900000000373e+06
7.225664500000000000e+06
7.218648199999999255e+06
7.218400099999999627e+06
7.258856000000000931e+06
7.283521599999999627e+06
7.210678500000000931e+06
7.244321800000000745e+06
7.253413900000000373e+06
7.246672500000000000e+06
7.255484800000000745e+06
7.198353199999999255e+06
7.186229000000000000e+06
7.150109900000000373e+06
7.165532300000000745e+06
7.166000900000000373e+06
7.169395099999999627e+06
7.179765000000000931e+06
7.179284000000000000e+06
7.213196699999999255e+06
7.218388200000000186e+06
7.185889000000000000e+06
7.195742800000000745e+06
7.202405400000000373e+06
7.223473400000000373e+06
7.225983400000000373e+06
7.196793699999999255e+06
7.202935700000000186e+06
7.194759200000000186e+06
7.207473100000000559e+06
7.210478800000000745e+06
7.215076500000000931e+06
7.209162000000000931e+06
7.226551900000000373e+06
7.233858899999999441e+06
7.240229000000000931e+06
7.240728800000000745e+06
