Time	Temperature (MK)	Temperature_ERR	EM (10^46 cm^-3)	EM_ERR
2024-11-13T22:15:26	6.039217305757429	0.9550934185810106	81.47525832458449	65.8157704637927
2024-11-13T22:16:18.500000	5.605291551874612	1.2596716650122837	109.96046379634896	116.50662596945642
2024-11-13T22:17:12	6.368198468299281	0.7451366090290029	51.77663884562606	28.500470263908916
2024-11-13T22:18:07	5.887415919311671	2.476641420496047	124.69135713759717	347.54577717654774
2024-11-13T22:19:02.500000	5.249359010076092	0.5701435784817209	100.41147718846076	61.00816333476409
2024-11-13T22:19:58	5.69317252698534	2.2907106130502477	54.2889365769563	108.13218263340596
2024-11-13T22:20:54	6.326350817021337	2.376255972618717	95.28026233809096	215.1695900832107
2024-11-13T22:21:50	4.827528548689992	1.645463836058696	78.66304671309706	125.38947755566095
2024-11-13T22:22:46.500000	6.348469579170857	0.6780708676296874	47.22708341541362	25.258074644820763
2024-11-13T22:23:43	6.474189245596722	0.7512422596316956	41.138950723228376	23.402503994700268
2024-11-13T22:24:39.500000	5.4598553573725885	1.7675166081617713	91.00862366456867	153.71649652922642
2024-11-13T22:25:37	4.767427452963692	2.601322436476834	261.2508177605569	867.6773970772516
2024-11-13T22:26:34.500000	5.36443105681311	0.8847069077431157	82.1259150566897	74.41274562363165
2024-11-13T22:27:32	5.810953230466722	0.7570324533506376	49.166344717983414	39.047686747822574
2024-11-13T22:28:29.500000	4.955467064789724	0.7155516073820757	97.83371101270765	68.78670601117382
2024-11-13T22:29:27	5.559340860740081	0.599477267077843	80.69468352874857	48.63711415516537
2024-11-13T22:30:25.500000	3.8538105453689484	0.5113858208096088	494.278657885777	405.24349939076455
2024-11-13T22:31:24.500000	3.9107946007763834	0.5346978773162966	432.7683299398467	368.3979606644141
2024-11-13T22:32:23	5.007641994601956	4.756910889979916	120.9713990391607	611.2805414601726
2024-11-13T22:33:21.500000	5.6768056406024066	3.7931964436390277	131.59477818512062	612.0504547959142
2024-11-13T22:34:20.500000	4.201097520935213	0.5712885201399974	259.89266892434154	235.92735577077195
2024-11-13T22:35:19.500000	5.849536132779124	0.7347646022053679	53.587901931565426	36.391130339015135
2024-11-13T22:36:18	4.765507641012456	0.6492689003577611	125.14414855450802	91.95415452799783
2024-11-13T22:37:16	5.052510571555933	0.6168158279318829	126.00033183449445	94.02340245846489
2024-11-13T22:38:14	4.894459055437396	2.76424111606225	48.36799628339853	126.19814418980506
2024-11-13T22:39:12	6.511904089591391	0.9089945220964496	31.01203527097681	20.498995344622575
2024-11-13T22:40:10	4.593479815643405	0.726037673609	114.74056089821718	93.48826163785412
2024-11-13T22:41:08	5.247532137982112	1.228832558433744	74.77876664467264	92.32152854367467
2024-11-13T22:42:06.500000	6.035705820082977	0.7720151255728893	133.13624466386966	133.71712646373823
2024-11-13T22:43:05.500000	5.180665191177303	3.320246365069713	55.934730559931545	177.75082818855861
2024-11-13T22:44:04	5.806997080548943	4.845942663568001	42.25857135138005	164.0297235775785
2024-11-13T22:45:02	5.934884977874121	4.242592950014897	40.41289980338382	135.70017989216677
2024-11-13T22:46:00.500000	4.827857485069884	0.7177284235538147	112.55323860699785	89.03856872309726
2024-11-13T22:46:59.500000	5.89941238582645	2.9890153557161994	117.67726551242548	393.42410386616064
2024-11-13T22:47:58	5.8212446822224315	0.7711181499956389	48.472388750345694	34.94497114010602
2024-11-13T22:48:55	5.409031791279645	2.5773942295487062	60.9249013673777	140.8121905835907
2024-11-13T22:49:50	5.678076171941436	1.6273620388509957	79.09888637195543	103.14252597470848
2024-11-13T22:50:42.500000	9.73513961871909	1.278670270430389	16.945809324762195	6.616500147707685
2024-11-13T22:51:32	11.545314582474418	1.2098655841191905	23.930138792837752	4.425919730032752
2024-11-13T22:52:19	10.749483193481893	1.0507457822638768	31.420357920614055	8.074411853391352
2024-11-13T22:53:04	8.662278998578108	0.6744738337487256	64.16287163586641	17.688851665158417
2024-11-13T22:53:47.500000	10.519573900102968	0.7489331316913034	50.559198477427316	10.169333224694999
2024-11-13T22:54:29	9.874191878212825	0.741773138075261	63.93361985703438	21.90121730991577
2024-11-13T22:55:08.500000	10.834364068101936	0.6546802349799051	67.03416407833569	9.48277951132912
2024-11-13T22:55:47	9.625419455640726	0.6996818133390906	94.17334569446975	23.071327031594222
2024-11-13T22:56:24.500000	11.22807999434805	0.6695098215567742	83.00746610060152	9.152876885049642
2024-11-13T22:57:01	10.283252487597185	0.6208541482011648	94.46281660053016	13.449222141267212
2024-11-13T22:57:36.500000	10.904877437366387	0.6988951775615102	80.85542584057754	11.774719615189941
2024-11-13T22:58:11.500000	10.40865447318103	0.6486082061404308	108.72969532695915	13.409159095146848
2024-11-13T22:58:46.500000	11.018733140555902	0.6414582215149315	115.4124619654525	14.147693879401912
2024-11-13T22:59:21.500000	9.135800702547272	0.5830520786040382	129.11825638806175	28.88542665177644
2024-11-13T22:59:56.500000	9.802389293422813	0.527026580360803	153.44417034982038	21.718985249722856
2024-11-13T23:00:31.500000	9.939343060363182	0.5752045485395416	97.13532063610973	18.550105813078424
2024-11-13T23:01:07	8.9210679359725	0.6921965387294078	155.6409066750475	34.18731827274727
2024-11-13T23:01:43	8.594296135454899	0.3457361953848206	131.15559388285263	19.3967927042681
2024-11-13T23:02:19	8.790328774534677	0.3711455717498846	116.064176338149	16.80647833566403
2024-11-13T23:02:55.500000	7.267682091590494	0.503524400615284	201.0222241057335	60.47061204041901
2024-11-13T23:03:32.500000	8.397531264804858	0.7002770581133981	119.45917074532711	37.46524783766273
2024-11-13T23:04:10	7.525470712861554	0.2999710344633569	156.77044416431806	24.764086717193265
2024-11-13T23:04:48.500000	7.523373128343307	0.6261867232191262	172.80823581633874	62.13935789397701
2024-11-13T23:05:27.500000	7.806327454691975	0.668314349305714	196.83238329418904	80.56962838229481
2024-11-13T23:06:07	6.743177225102388	0.2879064199592742	215.90035311055257	42.448207416797196
2024-11-13T23:06:47.500000	7.105908211227189	0.31334275155252744	182.29264517586083	36.30590211045069
2024-11-13T23:07:28.500000	7.360380565893819	0.350393995115789	107.80813164824941	19.902665200695203
2024-11-13T23:08:10	6.2877711401216585	0.5821816713689051	226.98706331524818	108.4470818729087
2024-11-13T23:08:51.500000	6.507236904826727	0.6284195072952719	191.90899540731343	89.99383818128864
2024-11-13T23:09:33.500000	6.405122786668792	0.29678650267730466	195.31410505637513	43.180357862369206
2024-11-13T23:10:16.500000	6.495852762696244	0.28895963586515794	195.19329869203415	41.36387346302424
2024-11-13T23:10:59.500000	6.903078282958773	0.5836782417782005	133.10510923841613	48.562309724566546
2024-11-13T23:11:43.500000	6.637171292462912	0.32595894262017766	141.2725699690884	31.641435147779923
2024-11-13T23:12:28	6.255079776132864	0.5494806506603095	156.43519191199	63.50765984198362
2024-11-13T23:13:12.500000	6.337278969957724	0.31104366803727096	163.65007420565058	37.33188806618559
2024-11-13T23:13:57.500000	6.518952258742732	0.3659311612616147	151.91762758978507	42.88177544994236
2024-11-13T23:14:42.500000	7.5671785953079125	0.45995073137300446	73.16267021748436	17.52991899599291
2024-11-13T23:15:28	6.252278152264455	0.33426077909537966	153.79392475511227	41.032837364117476
2024-11-13T23:16:14	6.700128403166929	0.43537869439241494	97.99688468689621	26.722435654328574
2024-11-13T23:17:00	6.305643967394178	0.3524162827333297	165.0153128532524	46.951481176772155
2024-11-13T23:17:46	6.331722566892216	0.7909194624037218	136.11596878107454	85.02615315130217
2024-11-13T23:18:32.500000	6.376919796245969	0.3665669095126591	123.19509484246763	32.901190703146156
2024-11-13T23:19:19.500000	6.479727380349319	0.40171733986466457	103.51357712872847	30.855222337028174
2024-11-13T23:20:06.500000	6.665348839675224	0.9464506832135102	244.88850858999803	227.16301046663492
2024-11-13T23:20:54	6.082101448943189	0.6483801469717162	101.99784900020506	51.37154435076406
2024-11-13T23:21:42	6.533486986475808	0.42735218712996176	86.5636864303572	23.828266950574893
2024-11-13T23:22:30.500000	5.880230245768072	0.7691197842320329	124.64219837853673	81.10326518697175
2024-11-13T23:23:19.500000	5.80456244471409	0.3698553161128421	147.23371833615172	46.33299538196951
2024-11-13T23:24:08	5.941326595066642	0.4192480662393911	118.1899132391536	42.236222195087706
2024-11-13T23:24:56	5.6167258079969775	0.35757970618104734	152.34095634810558	51.3570790827291
2024-11-13T23:25:43.500000	7.870255536179906	0.9082995102072815	46.80986581372285	21.009522222233823
2024-11-13T23:26:31	6.587189370643401	0.7969850168509746	92.94562965182806	54.046070774187626
2024-11-13T23:27:19	7.48043981657594	0.5362249738498278	53.73326954867058	15.304922389916946
2024-11-13T23:28:07.500000	7.291246922340562	0.774930563162517	56.256093736877766	24.394547491894322
2024-11-13T23:28:57	6.315372123685646	0.8535246945018239	116.20447787014713	76.76341347487758
2024-11-13T23:29:47	6.535353491739306	0.4486724891763616	74.5521951992284	21.603890085716007
2024-11-13T23:30:37.500000	6.897606229625249	0.8656202493128379	68.5907248123593	37.168175539076614
2024-11-13T23:31:29.500000	5.6633632032409285	1.3785057512975198	85.76487055185616	95.58472832144089
2024-11-13T23:32:22	7.898447916692365	1.3003269314037897	23.606469823438275	14.70396723437177
2024-11-13T23:33:15	4.99529421190812	0.4813003018505802	158.9686444966715	79.71885836859346
2024-11-13T23:34:09.500000	5.517838513666572	1.1953667814632303	94.44452123597377	97.22550803373923
2024-11-13T23:35:05	5.093621000967456	0.44721614945183047	218.9384751606549	121.94927996441787
2024-11-13T23:36:00.500000	5.4500829327532685	2.165364451360931	90.58912565015964	173.7678597656357
2024-11-13T23:36:56.500000	6.911255431012098	2.1246319744359385	86.64123692874101	157.27119297199482
2024-11-13T23:37:53	5.492806492013852	1.9322851932318803	73.97981881054623	119.13513131889732
2024-11-13T23:38:49	4.405978872205818	0.4292230968474224	387.26896103123863	301.74301332338433
2024-11-13T23:39:45.500000	5.124150881042358	1.516010531507539	76.57340977942272	102.56390703345116
2024-11-13T23:40:42.500000	5.258193847374372	2.018796732964682	97.21995519325729	187.44427608129277
2024-11-13T23:41:39.500000	5.504258032245345	1.3563704851454088	98.27839959455217	124.84064489183118
2024-11-13T23:42:36.500000	6.047754540775207	0.5804328623844491	65.04084665652883	32.431862080022306
2024-11-13T23:43:33.500000	5.581167926469689	2.431098268007166	75.85270767271598	165.38784007609485
2024-11-13T23:44:31	7.897485719651527	1.6274064615642345	28.290674178972118	26.530443021483446
2024-11-13T23:45:29	6.197416841016024	0.5905509338469553	45.3827702396973	20.35091021331238
2024-11-13T23:46:27	4.807116284185513	2.5942328856373336	175.46597551562684	536.3905785160779
2024-11-13T23:47:24.500000	7.392888880892309	0.9004516365586144	26.22079878315284	13.568191477982236
2024-11-13T23:48:22	5.3294556180254204	2.705927355932881	133.03965688787974	342.0969044099499
2024-11-13T23:49:19.500000	5.4667877903063005	2.961520395924133	56.63120599184544	144.8055259669406
2024-11-13T23:50:16.500000	4.930491665767033	2.6608685122991464	116.4245604896897	321.8710428888254
2024-11-13T23:51:14	5.697955665453425	2.5190477994715246	43.51267050195878	86.15110997955772
2024-11-13T23:52:11.500000	5.717415512313157	1.023383945023169	69.27492938354689	63.52548556125592
2024-11-13T23:53:09	4.757424190773011	2.854950851151552	49.78833117383362	137.57550733982941
2024-11-13T23:54:07	6.2902497687456815	2.3160799685729576	118.67082926642374	282.1401178828049
2024-11-13T23:55:04.500000	5.58753142076428	1.6530319962141027	86.73248935289807	132.4829899026083
2024-11-13T23:56:01.500000	5.417099574745832	2.05580034053404	345.1369708749849	1041.0056128434383
2024-11-13T23:56:59	5.6252797590713275	0.6805383306599159	59.94482975554724	33.29951404049648
2024-11-13T23:58:14.500000	5.509355150257367	1.479360658214576	66.62991572367494	88.19022307093442
