4.164068800000000000e+07
4.165182990000001341e+07
4.168960129999998957e+07
4.171019990000002086e+07
4.169286900000000745e+07
4.170787889999999106e+07
4.171882539999999851e+07
4.174018300000001490e+07
4.174845360000000894e+07
4.177567940000001341e+07
4.178865990000001341e+07
4.178437039999998361e+07
4.180636729999998957e+07
4.182363310000000149e+07
4.180866780000001937e+07
4.179716339999998361e+07
4.180204639999999106e+07
4.181185299999999255e+07
4.183161749999999255e+07
4.183729690000000596e+07
4.185410919999997318e+07
4.184772940000001341e+07
4.187606330000001937e+07
4.189334999999999255e+07
4.186956490000000596e+07
4.186374820000000298e+07
4.186213390000001341e+07
4.191773220000001043e+07
4.193875389999999851e+07
4.195112420000000298e+07
4.193363319999999553e+07
4.194694980000001192e+07
4.195192330000001192e+07
4.191834880000000447e+07
4.192352700000001490e+07
4.197026239999999851e+07
4.196571520000000298e+07
4.198523780000001937e+07
4.198099279999999702e+07
4.197067589999999106e+07
4.199372500000002235e+07
4.199411720000001788e+07
4.198623549999999255e+07
4.200565230000000447e+07
4.201008159999999404e+07
4.203311709999999404e+07
4.204332220000000298e+07
4.203036819999998808e+07
4.203344899999999255e+07
4.203707410000000894e+07
4.204087139999998361e+07
4.205540460000000894e+07
4.208523880000000447e+07
4.208232940000000596e+07
4.206990830000001192e+07
4.207787529999999702e+07
4.208621499999999255e+07
4.208873610000001639e+07
4.208678550000000000e+07
4.207137519999997318e+07
4.208112680000001192e+07
4.207927220000001043e+07
4.209718369999999553e+07
4.209221749999999255e+07
4.210833730000002682e+07
4.213575380000002682e+07
4.215323210000001639e+07
4.212863230000000447e+07
4.210707549999999255e+07
4.215640109999999404e+07
4.213812350000000000e+07
4.214800549999998510e+07
4.214973989999999106e+07
4.218423140000001341e+07
4.219329359999998659e+07
4.221877299999999255e+07
4.218164800000002235e+07
4.218868640000000596e+07
4.219533050000001490e+07
4.218320759999999404e+07
4.219817229999999702e+07
4.220800049999998510e+07
4.226373910000000149e+07
4.224816670000000298e+07
4.220571009999998659e+07
4.221218630000001192e+07
4.220663799999998510e+07
4.219733479999999702e+07
4.220695460000001639e+07
4.220885229999999702e+07
4.223676669999999553e+07
4.224956270000000298e+07
4.226683639999999106e+07
4.228126580000001192e+07
4.226021389999999106e+07
4.228075309999999404e+07
4.226204150000001490e+07
4.225455589999999106e+07
4.228230950000000000e+07
4.227972660000000149e+07
4.229217260000000149e+07
4.228393489999999106e+07
4.225746740000000596e+07
4.230617969999998808e+07
4.230150279999999702e+07
4.234760769999998808e+07
4.236120869999999553e+07
4.234422619999999553e+07
4.233908939999999851e+07
4.230695860000000894e+07
4.229194380000002682e+07
4.231545160000001639e+07
4.233017870000001788e+07
4.232995079999999702e+07
4.236287470000001043e+07
4.231999860000000894e+07
4.236698410000000894e+07
4.235714900000000000e+07
4.235227630000000447e+07
4.235812480000000447e+07
4.237179320000001043e+07
4.239189570000000298e+07
4.240261079999999702e+07
4.237752189999999851e+07
4.240547349999999255e+07
4.240337430000000447e+07
4.239670700000000000e+07
4.237474069999998808e+07
4.239609670000001043e+07
4.241813810000000149e+07
4.241029450000000745e+07
4.240532850000000000e+07
4.235264369999998063e+07
4.239646700000002980e+07
4.239530960000000149e+07
4.236879649999999255e+07
4.235743810000001639e+07
4.236107950000000000e+07
4.236234400000000745e+07
4.237253640000000596e+07
4.236849520000001043e+07
4.240185490000000596e+07
4.238965379999999702e+07
4.239606300000000745e+07
4.238765729999998212e+07
4.238005530000000447e+07
4.240085170000000298e+07
4.241356079999999702e+07
4.239090480000001937e+07
4.241274360000002384e+07
4.242138710000000894e+07
4.244407710000000149e+07
4.243946990000001341e+07
4.246046799999998510e+07
4.243146889999999106e+07
4.243049080000001937e+07
4.242678059999997914e+07
4.241591360000000149e+07
