1.731516390000000000e+09 5.607176219600700229e+00 1.172456526583041808e-01 1.129689188961235828e+02 9.827502288546092757e+00
1.731516569000000000e+09 4.847608379685874880e+00 1.146872051616987659e-01 1.527465959744867519e+02 1.688091753141851115e+01
1.731516749000000000e+09 5.291409031534565877e+00 8.121082775171108992e-01 1.222791078964948781e+02 1.938671330060728678e+03
1.731516929000000000e+09 4.534571315795934865e+00 1.169231403213381926e+00 2.848129078621320218e+02 6.872807985508165984e+03
1.731517109000000000e+09 4.646757523664021505e+00 1.180614805958243585e-01 1.665473382589574953e+02 2.045851987183153042e+01
1.731517289000000000e+09 4.574067483304742332e+00 1.115288809835032063e-01 1.814324505072799809e+02 2.170945235582291133e+01
1.731517469000000000e+09 4.528488502354802492e+00 1.103797861923399570e-01 1.792521961806370427e+02 2.157988638278285265e+01
1.731517649000000000e+09 4.590845688080528397e+00 1.157345900435554353e-01 1.736267857588916570e+02 2.140379169625605371e+01
1.731517829000000000e+09 4.398236778458306517e+00 1.180064954909828823e-01 2.016203189028824738e+02 2.747995101922498407e+01
1.731518009000000000e+09 5.253107915656861415e+00 1.556031330134115542e+00 9.563140403408205259e+01 3.035168419385590369e+03
1.731518189000000000e+09 4.542500876100348250e+00 1.309955821449926283e+00 2.164589212523913488e+02 6.210465818705383754e+03
1.731518369000000000e+09 5.824870534382698750e+00 1.375656816465443411e-01 8.548086976849548080e+01 8.091773745429209796e+00
1.731518549000000000e+09 1.027078760167161597e+01 2.458861917928411578e-01 3.232364067044708378e+01 6.242724404724494747e+00
1.731518729000000000e+09 1.009486266017763434e+01 1.908213681303089770e-01 7.631209561316299528e+01 8.200376463679353023e+00
1.731518909000000000e+09 1.015547661694619563e+01 1.682899486411760792e-01 1.189748705703423894e+02 9.894018561000448742e+00
1.731519089000000000e+09 8.417688462789342907e+00 1.550103185801647021e-01 1.814833674524189746e+02 2.562038129268089293e+01
1.731519269000000000e+09 8.034869443430654457e+00 1.737907697375437321e-01 1.579541335199935475e+02 3.916721004628723790e+01
1.731519449000000000e+09 6.655029221823444807e+00 1.661302744217382776e-01 2.666479912210427869e+02 2.501715759002444202e+02
1.731519629000000000e+09 6.516571721914771409e+00 2.085248884384006407e-01 2.374254063631720726e+02 4.318253313311769261e+02
1.731519809000000000e+09 7.067495587974234716e+00 2.917046309714445007e-01 1.209099594824159851e+02 3.976523784763897993e+02
1.731519989000000000e+09 6.118367003417954031e+00 9.573256440778911414e-02 1.632373611945173764e+02 1.028946998592235751e+01
1.731520169000000000e+09 6.110246558359510693e+00 9.914545053409506981e-02 1.524849088562495183e+02 9.933408371357636213e+00
1.731520349000000000e+09 5.940172691933232052e+00 1.038247707937600683e-01 1.478678939752410315e+02 1.053441980182259208e+01
1.731520529000000000e+09 6.216291550756536388e+00 1.080088552340856545e-01 1.247063877184708360e+02 8.503586097145740652e+00
1.731520709000000000e+09 6.570632952163894203e+00 1.177208223333669340e-01 9.836519063765979354e+01 6.567445208130060053e+00
1.731520889000000000e+09 5.910130075830877239e+00 1.137358611827769955e-01 1.168073348288635174e+02 9.056330661619563571e+00
1.731521069000000000e+09 5.261056583167676770e+00 1.085822163701439108e-01 1.458276192104948450e+02 1.326197823229344053e+01
1.731521249000000000e+09 5.422883163445718857e+00 1.240801747077934919e-01 1.105471022888319936e+02 1.074418374386935326e+01
1.731521429000000000e+09 5.310030581046201625e+00 1.201133739900185071e-01 1.213567472301168948e+02 1.191458527113974064e+01
1.731521609000000000e+09 5.129028265295339395e+00 1.183832061623385223e-01 1.300812749644831854e+02 1.339886962438505158e+01
1.731521789000000000e+09 5.058772279998213328e+00 1.592174534272132513e+00 1.633915403839621661e+02 5.492585484780061051e+03
1.731521969000000000e+09 4.807890869284290325e+00 1.110431412783903921e-01 1.720961517551265558e+02 1.876263055749578612e+01
1.731522149000000000e+09 4.638251040265221725e+00 1.114584832000816150e-01 1.921632688487444227e+02 2.251605830044599799e+01
1.731522329000000000e+09 5.010273252673402844e+00 1.746646925143308104e+00 1.781296243550394536e+02 6.239520357311510452e+03
1.731522479500000000e+09 4.813580453217150890e+00 1.463818045990662731e-01 1.563742365116735584e+02 2.201619952862171914e+01
