1.728415890000000000e+09 5.803931098807806777e+00 7.694834406802433802e-02 2.978820966009408835e+02 1.707295615551548806e+01
1.728416069000000000e+09 5.759359584206135807e+00 7.761991993502591336e-02 2.944577364358188447e+02 1.723958787602516907e+01
1.728416249000000000e+09 5.942835853196992701e+00 8.040677933212646289e-02 2.615781456162616792e+02 1.499448106590516439e+01
1.728416429000000000e+09 6.228949417361472563e+00 1.947853621222175036e-01 2.988147143312272078e+02 6.182783556407382548e+02
1.728416609000000000e+09 6.239507141026180648e+00 8.266643118690240877e-02 2.388295230528392779e+02 1.295000146543711850e+01
1.728416789000000000e+09 5.707965318191115855e+00 1.793313515385325241e-01 4.804883656179894729e+02 1.016824596490735871e+03
1.728416969000000000e+09 5.656210750018661138e+00 1.830271366012058420e-01 5.205296049128522782e+02 1.165354335686936111e+03
1.728417149000000000e+09 5.421244408404945148e+00 5.668725877921558798e-01 7.071992625907038246e+02 5.929492168162891176e+03
1.728417329000000000e+09 6.083648895036676052e+00 1.980489542932500624e-01 3.424282358143845499e+02 8.196185372204467967e+02
1.728417509000000000e+09 8.036868392730761812e+00 1.705094265770502326e-01 1.299373727859620260e+02 3.813164911760297571e+01
1.728417689000000000e+09 1.134530281737858282e+01 1.686411616947068592e-01 6.421631714237962285e+01 7.916196613617380251e+00
1.728417869000000000e+09 1.629022995829605946e+01 1.702960290396824394e-01 1.190291325056500966e+02 1.030665002834744648e+01
1.728418025500000000e+09 1.811947251949701254e+01 1.577682516713877492e-01 3.133757607719489897e+02 1.867928369263835719e+01
1.728418138500000000e+09 1.867581840375993352e+01 1.511724498478034806e-01 5.609264920546248732e+02 3.053754155157423256e+01
1.728418221000000000e+09 1.954645252492580454e+01 1.529443795383153837e-01 8.031158877004264696e+02 4.090457868715488843e+01
1.728418286000000000e+09 2.048192813381267996e+01 1.565032119887249940e-01 1.029886819177818097e+03 5.083728430504683615e+01
1.728418338500000000e+09 2.010674489937238008e+01 1.523655208211389944e-01 1.392257317992367462e+03 6.390528028532067850e+01
1.728418382500000000e+09 2.028869124562654846e+01 1.508824742977130928e-01 1.698585878518092159e+03 7.545428509759400981e+01
1.728418421500000000e+09 2.067249865125248220e+01 1.526249634786545351e-01 1.921966442283845254e+03 8.565156228602754140e+01
1.728418456500000000e+09 2.041487557572144595e+01 1.498220336261516794e-01 2.282898216898305691e+03 9.739334657618611857e+01
1.728418487500000000e+09 2.048411588266995409e+01 1.503640686352336053e-01 2.586475563414718636e+03 1.089950326583151252e+02
1.728418516000000000e+09 2.053559549730028522e+01 1.485070374076112865e-01 2.937598871936378146e+03 1.186382935859676593e+02
1.728418543500000000e+09 2.062925772537133540e+01 1.474214970033463634e-01 3.125858532664134600e+03 1.265213257283466675e+02
1.728418569500000000e+09 2.066425145907567540e+01 1.475977239202996838e-01 3.427351349444380958e+03 1.357565116617869307e+02
1.728418593500000000e+09 2.092389144617048657e+01 1.518407192337983269e-01 3.583445372284902533e+03 1.442286411713739653e+02
1.728418616000000000e+09 2.082191784132435330e+01 1.491386629563290489e-01 3.955669075249644720e+03 1.548676567190581466e+02
1.728418637000000000e+09 2.063785128877561803e+01 1.483482883425706889e-01 4.334208074226940880e+03 1.656212829606824073e+02
1.728418657000000000e+09 2.097427773572912812e+01 1.491148730924764243e-01 4.453831419822944554e+03 1.698390773381483427e+02
1.728418676500000000e+09 2.084542484634808801e+01 1.487333863492434627e-01 4.760186422728773323e+03 1.802418118388289940e+02
1.728418695000000000e+09 2.072903009079760750e+01 1.476783606460836396e-01 5.086007823983125490e+03 1.889434857300010719e+02
1.728418713000000000e+09 2.080500038263630103e+01 1.462484644449751070e-01 5.183024142846549694e+03 1.960293855257858979e+02
1.728418730500000000e+09 2.071373838154433500e+01 1.461736758139259573e-01 5.725685382804984329e+03 2.050501617134258368e+02
1.728418747500000000e+09 2.073441958810773045e+01 1.460215008428200623e-01 5.920263828977260346e+03 2.121819733784828657e+02
1.728418764000000000e+09 2.066318938686029227e+01 1.446073390941000902e-01 6.258247186583402254e+03 2.194624668096808477e+02
1.728418780000000000e+09 2.111998191093717026e+01 1.477838775319340325e-01 6.122729808004851293e+03 2.180760662228994420e+02
1.728418795500000000e+09 2.053611275849974760e+01 1.448715726591481290e-01 6.826082959048010707e+03 2.366134930942229175e+02
1.728418810500000000e+09 2.053089813584451306e+01 1.434954654137436392e-01 6.975709881372228665e+03 2.417104639217241413e+02
1.728418825500000000e+09 2.071731796426443140e+01 1.439690670327599398e-01 7.075791663101382255e+03 2.436092563319202213e+02
1.728418840000000000e+09 2.034011997655870019e+01 1.432305063706630077e-01 7.494493954066393599e+03 2.552605556099952651e+02
1.728418854000000000e+09 2.085647094512085076e+01 1.485720452713638062e-01 7.284526643401072761e+03 2.499157413124292759e+02
1.728418868000000000e+09 2.042809575903529762e+01 1.447531634019410263e-01 7.658523905531159471e+03 2.615392143459191630e+02
1.728418882000000000e+09 2.029746518636771313e+01 1.402955997864709092e-01 7.877116927872165434e+03 2.669743064626374576e+02
1.728418896000000000e+09 2.024114564295015128e+01 1.412611828743792208e-01 8.070617728687677300e+03 2.724847632806179831e+02
1.728418909500000000e+09 2.004933323462777750e+01 1.395719030386361748e-01 8.538648663652122195e+03 2.821039311799441975e+02
1.728418922500000000e+09 1.995849606739679061e+01 1.391924871039068590e-01 8.638690347218494935e+03 2.887208773520517866e+02
1.728418935500000000e+09 1.983489171453019750e+01 1.387498389012575828e-01 8.871880315828924722e+03 2.957663945960428009e+02
1.728418948500000000e+09 2.004270044365071612e+01 1.419892282785063520e-01 8.596788157693519679e+03 2.922029778187385318e+02
1.728418961500000000e+09 1.973259718749685732e+01 1.361827170354069083e-01 9.188902530552673852e+03 2.987255628688196794e+02
1.728418974500000000e+09 1.951200809188199514e+01 1.353097082935918460e-01 9.373055733122293532e+03 3.083738109575311341e+02
1.728418987500000000e+09 1.943554680283462943e+01 1.354989016945918612e-01 9.407290231471573861e+03 3.117012674294162480e+02
1.728419000500000000e+09 1.940978818348573753e+01 1.340289485452846041e-01 9.682285324234711879e+03 3.162655648065901346e+02
1.728419013500000000e+09 1.922248310785766279e+01 1.317652789335317098e-01 9.745206786933107651e+03 3.199284218538111304e+02
1.728419026500000000e+09 1.913521492452255401e+01 1.310716961283193982e-01 9.946914360366334222e+03 3.273527526244784553e+02
1.728419039500000000e+09 1.900036348784840357e+01 1.297173454727306718e-01 1.005738846722266135e+04 3.315817603660948407e+02
1.728419052500000000e+09 1.867043043533269397e+01 1.256317884410434182e-01 1.063434071610513820e+04 3.446308206646617123e+02
1.728419065500000000e+09 1.896834524378969533e+01 1.307285028371922286e-01 1.025780697647433408e+04 3.376265792626264783e+02
1.728419078000000000e+09 1.873528183269908354e+01 1.295878767355305994e-01 1.062531815241887307e+04 3.470076306899480301e+02
1.728419090500000000e+09 1.876093460856359130e+01 1.284286027639005845e-01 1.052872609457928411e+04 3.456369256265559784e+02
1.728419103500000000e+09 1.875317265500087771e+01 1.277120533629063637e-01 1.055865739088799819e+04 3.468152308065891702e+02
1.728419116000000000e+09 1.827557219225684904e+01 1.260633990024255802e-01 1.116205681850729343e+04 3.652519716880188412e+02
1.728419128000000000e+09 1.840011916233999756e+01 1.258150682715259983e-01 1.114039403885544016e+04 3.620462064826663209e+02
1.728419140000000000e+09 1.814631030254305344e+01 1.247266412076845493e-01 1.132119806959883135e+04 3.712615419750985666e+02
1.728419152000000000e+09 1.816846034677077526e+01 1.243922935306899791e-01 1.142299460956526491e+04 3.698076689880970775e+02
1.728419164000000000e+09 1.818193645149677096e+01 1.236851967899897237e-01 1.147267739383810112e+04 3.695283466225162101e+02
1.728419176000000000e+09 1.827274133733312667e+01 1.282099416393644997e-01 1.092241113135429805e+04 3.685514768228146067e+02
1.728419188000000000e+09 1.817231921253197413e+01 1.253924744960578652e-01 1.137509007655158894e+04 3.734320273145679607e+02
1.728419200000000000e+09 1.776741835146688331e+01 1.217482649612105783e-01 1.187811322595595811e+04 3.875649857301273187e+02
1.728419212500000000e+09 1.797277100480737033e+01 1.216721530556928166e-01 1.140733548127806353e+04 3.754676786496849559e+02
1.728419225000000000e+09 1.788548092162574576e+01 1.232467550430639686e-01 1.153549690092131277e+04 3.815308447755825796e+02
1.728419237000000000e+09 1.738399834088261997e+01 1.177876609347637826e-01 1.212443203278396686e+04 3.988196620795100671e+02
1.728419249000000000e+09 1.743796246099794445e+01 1.189090997277676559e-01 1.202777839713025605e+04 3.970228349497926388e+02
1.728419261000000000e+09 1.732447479418511449e+01 1.176676870572284789e-01 1.220111662456228987e+04 3.991651290591485690e+02
1.728419273500000000e+09 1.746725772097714469e+01 1.178249401656768225e-01 1.187571425326160534e+04 3.916913480374846017e+02
1.728419286500000000e+09 1.751321886155973218e+01 1.171875614392841464e-01 1.204588487302028989e+04 3.891419759525505810e+02
1.728419299500000000e+09 1.751965570090218094e+01 1.182299182883548849e-01 1.174961562896519899e+04 3.888810916969194977e+02
1.728419312000000000e+09 1.751996613975883221e+01 1.218090714191085305e-01 1.181697704812994562e+04 3.956697048606872613e+02
1.728419324500000000e+09 1.758792694748423457e+01 1.184242780723451099e-01 1.170345630271664777e+04 3.829879749107921612e+02
1.728419337500000000e+09 1.721100055750136804e+01 1.166241501416792059e-01 1.191907664654470136e+04 3.997650639527707312e+02
1.728419350500000000e+09 1.742409032995547591e+01 1.179929528662165966e-01 1.181543823279079152e+04 3.907683772114544354e+02
1.728419363500000000e+09 1.716193151149821716e+01 1.140206546970127799e-01 1.222432945305094836e+04 3.981395344352228562e+02
1.728419376500000000e+09 1.722459643594121914e+01 1.161574766685613685e-01 1.199523646134460068e+04 3.967032810789564223e+02
1.728419389500000000e+09 1.694349734243786543e+01 1.133244874526692231e-01 1.244547901118678237e+04 4.086452297936010041e+02
1.728419402500000000e+09 1.714277444690301166e+01 1.153701328529457004e-01 1.201252711684540554e+04 3.971284602220010242e+02
1.728419415500000000e+09 1.690571658889615136e+01 1.129768204889374933e-01 1.239679489581645976e+04 4.086538797299518819e+02
1.728419428500000000e+09 1.694797869463382867e+01 1.137075880568855085e-01 1.233229208845825451e+04 4.042927848174053906e+02
1.728419441500000000e+09 1.693564008035019341e+01 1.132454168342515999e-01 1.224075245808907493e+04 4.033479173994334701e+02
1.728419454500000000e+09 1.707148833835300650e+01 1.163127309261768189e-01 1.182496141861555407e+04 3.986109567283091906e+02
1.728419467500000000e+09 1.707435466399390833e+01 1.190577641441240703e-01 1.160208726974249657e+04 3.967882551350407994e+02
1.728419480500000000e+09 1.652312946804761751e+01 1.095434889597003691e-01 1.279770975229679425e+04 4.176839256692217077e+02
1.728419493500000000e+09 1.696721198166356714e+01 1.162444912127350294e-01 1.180954663421278929e+04 3.989569067193395426e+02
1.728419506500000000e+09 1.679462696597919447e+01 1.139054201817463058e-01 1.209400525437503893e+04 4.027579767728281013e+02
1.728419519500000000e+09 1.682223443416584630e+01 1.148804029926825260e-01 1.201992490838950835e+04 4.044560913140120419e+02
1.728419532500000000e+09 1.679189160111164014e+01 1.151799108700315016e-01 1.189390346011889415e+04 4.030510940343216362e+02
1.728419545500000000e+09 1.695737719326053750e+01 1.175936330984970746e-01 1.159944560163179813e+04 3.964589888852549393e+02
1.728419558500000000e+09 1.657770900562386984e+01 1.128898587394953912e-01 1.227088878746709634e+04 4.121394529185638476e+02
1.728419571500000000e+09 1.665469642523531490e+01 1.147835211294587626e-01 1.196834201395901800e+04 4.071685009548938297e+02
1.728419584500000000e+09 1.671380379228401836e+01 1.163416342244383839e-01 1.167075158120366541e+04 4.035460867637352180e+02
1.728419598000000000e+09 1.655610896033410384e+01 1.119944946513930228e-01 1.190695382934388908e+04 4.036621748760638866e+02
1.728419611500000000e+09 1.636293104906747331e+01 1.115142615158759148e-01 1.229369965188318747e+04 4.153063796085289141e+02
1.728419625000000000e+09 1.622852509327567816e+01 1.091148097657427818e-01 1.232111562976493224e+04 4.162368978896402041e+02
1.728419639000000000e+09 1.641678798871594225e+01 1.125575419313178949e-01 1.175425651900045887e+04 4.047410232834698718e+02
1.728419653000000000e+09 1.636731066054432304e+01 1.113254345556097258e-01 1.195396047651701519e+04 4.051881935364984315e+02
1.728419667000000000e+09 1.624143491005208517e+01 1.095149812839246450e-01 1.211575514436910998e+04 4.124343874111266359e+02
1.728419681000000000e+09 1.644201301382435432e+01 1.130687635909680966e-01 1.159379308082568605e+04 4.014842685940227511e+02
1.728419695000000000e+09 1.614662231904589973e+01 1.081007606392984793e-01 1.216442762371384197e+04 4.119863556857956723e+02
1.728419709000000000e+09 1.627954927822301201e+01 1.113105769902983933e-01 1.187374195029196744e+04 4.055165253067672211e+02
1.728419723000000000e+09 1.637675995812739771e+01 1.122080846522382769e-01 1.154575310545333195e+04 3.981762912045866756e+02
1.728419737000000000e+09 1.594049917506997538e+01 1.077090921622429337e-01 1.230144758455560805e+04 4.173882854689383635e+02
1.728419751000000000e+09 1.605824105710957639e+01 1.087885548473096348e-01 1.214644964164758130e+04 4.112690576435126673e+02
1.728419765000000000e+09 1.598424159938850941e+01 1.091416936087950540e-01 1.211057173548002356e+04 4.111826171135806476e+02
1.728419779000000000e+09 1.604430440368500399e+01 1.105781778579210534e-01 1.174152058193489393e+04 4.071140120717824971e+02
1.728419793000000000e+09 1.614146290942516160e+01 1.107553468213213627e-01 1.160193702959273651e+04 3.991895747298223114e+02
1.728419807000000000e+09 1.649084934037836447e+01 1.166575410613796132e-01 1.083620691447274112e+04 3.824026769520513085e+02
1.728419821000000000e+09 1.628839521603616092e+01 1.142269621187849693e-01 1.117612523771342239e+04 3.934697891773074048e+02
1.728419835000000000e+09 1.618409939477216852e+01 1.127954386100308709e-01 1.129071040552192790e+04 3.932552574773304741e+02
1.728419849500000000e+09 1.626393983683318822e+01 1.127017461783261509e-01 1.098605612549071884e+04 3.839821027795714485e+02
1.728419864500000000e+09 1.597178361786299128e+01 1.091135503163855741e-01 1.148667793288855319e+04 3.946967008349204775e+02
1.728419879500000000e+09 1.597326512570570856e+01 1.096369141389578333e-01 1.131629090748176350e+04 3.928448744333778677e+02
1.728419894500000000e+09 1.598899504225886226e+01 1.092214856499462705e-01 1.151312983064166110e+04 3.933857573405759922e+02
1.728419909500000000e+09 1.598298052149896087e+01 1.101819029727462707e-01 1.132865723724320378e+04 3.941080432461476448e+02
1.728419924500000000e+09 1.603580122686496168e+01 1.101778241421598747e-01 1.123712342636829453e+04 3.879868390110127621e+02
1.728419939500000000e+09 1.573902060052681406e+01 1.071030166970559916e-01 1.159271881312993355e+04 4.004703652092605353e+02
1.728419954500000000e+09 1.581131208734874427e+01 1.085146524396958662e-01 1.139449315334610037e+04 3.939097420988721296e+02
1.728419969500000000e+09 1.573604531268467177e+01 1.073414313514669816e-01 1.131153250867001043e+04 3.898174139541254704e+02
1.728419984500000000e+09 1.605478812289957702e+01 1.128555962024599124e-01 1.080300274969329257e+04 3.790944570642841427e+02
1.728419999500000000e+09 1.594723813164864623e+01 1.104165843394585567e-01 1.087338670609228029e+04 3.810824992067198878e+02
1.728420014500000000e+09 1.588793806486476079e+01 1.098700147768969515e-01 1.097298160485180597e+04 3.795470422941615993e+02
1.728420029500000000e+09 1.571570688102792879e+01 1.098062410496075114e-01 1.094392598987490965e+04 3.859037844477471708e+02
1.728420044500000000e+09 1.596058068952848963e+01 1.136381708075019648e-01 1.041511724447197412e+04 3.750301056945658047e+02
1.728420060000000000e+09 1.577715888994022997e+01 1.085605020168048662e-01 1.080820810552027979e+04 3.779394696579505535e+02
1.728420076000000000e+09 1.578047308476440769e+01 1.092376404455718403e-01 1.065370354730994040e+04 3.748435520684532776e+02
1.728420092000000000e+09 1.581347528659761181e+01 1.096990563838941141e-01 1.045757419183571437e+04 3.702761375553855032e+02
1.728420108000000000e+09 1.605087071396960496e+01 1.118332493462745464e-01 9.743968018815690812e+03 3.440415747060754939e+02
1.728420124000000000e+09 1.582439384031141216e+01 1.123411666003130693e-01 1.015725571893422421e+04 3.648719306439339789e+02
1.728420140000000000e+09 1.593439963543780102e+01 1.138359857633512301e-01 9.843023266611629879e+03 3.558189580738399513e+02
1.728420156000000000e+09 1.580373800574427179e+01 1.121449231645445105e-01 1.001534275714808609e+04 3.605552117978035653e+02
1.728420172000000000e+09 1.585317110572824362e+01 1.124584707687840829e-01 9.848078614072324854e+03 3.545147967574574750e+02
1.728420188000000000e+09 1.589851550489566989e+01 1.122378602070375347e-01 9.872629514399552136e+03 3.537086789305738534e+02
1.728420204500000000e+09 1.574009006808684852e+01 1.093016160847330026e-01 9.995120983580698521e+03 3.567423973433593005e+02
1.728420221000000000e+09 1.569929471649862229e+01 1.124140585896033773e-01 9.797465140242631605e+03 3.581797078950866648e+02
1.728420237500000000e+09 1.581429015320807352e+01 1.127366628514735736e-01 9.505095129539997288e+03 3.479658007644903250e+02
1.728420254500000000e+09 1.562781861857091492e+01 1.102717708324125051e-01 9.698699011886725202e+03 3.524877753375441216e+02
1.728420271500000000e+09 1.558100308914555399e+01 1.099720835520046208e-01 9.772750738154734790e+03 3.517584776824836013e+02
1.728420288500000000e+09 1.562839362080157457e+01 1.109558194028783529e-01 9.553678402048421049e+03 3.467149208780822960e+02
1.728420305500000000e+09 1.560790500890968424e+01 1.122178381095597643e-01 9.406745764613764550e+03 3.474366769095562972e+02
1.728420322500000000e+09 1.582302659546061108e+01 1.140467913657953469e-01 9.103772435602537371e+03 3.358295388667180532e+02
1.728420339500000000e+09 1.537827026853497792e+01 1.080261809999221584e-01 9.758327053561652065e+03 3.507745751601696043e+02
1.728420356500000000e+09 1.570914368852952414e+01 1.141508700091873052e-01 9.118109999259702818e+03 3.388942119432010713e+02
1.728420373500000000e+09 1.574001175638840522e+01 1.152859945545969128e-01 8.927586029779355158e+03 3.330959607717456947e+02
1.728420391000000000e+09 1.557574647153355940e+01 1.108774266254042296e-01 9.113901880201976383e+03 3.355969800057363273e+02
1.728420409000000000e+09 1.562831344986511084e+01 1.114013432825324140e-01 9.010757429988667354e+03 3.306984106783605739e+02
1.728420427000000000e+09 1.561776708464229735e+01 1.137844369204457223e-01 8.918903928303949215e+03 3.340944288815447294e+02
1.728420445000000000e+09 1.559895607064420631e+01 1.108104796284900689e-01 8.993010008266053774e+03 3.270202531076647006e+02
1.728420463000000000e+09 1.574064735665011128e+01 1.135302646604899879e-01 8.685335747332885148e+03 3.220768614121163864e+02
1.728420481000000000e+09 1.541776151531685102e+01 1.104762008436744047e-01 9.027400231322890249e+03 3.322872294411474741e+02
1.728420499000000000e+09 1.536563290471605825e+01 1.084786502375773842e-01 9.038636522672801220e+03 3.278671312777456706e+02
1.728420517500000000e+09 1.540907348573751889e+01 1.097686768998507173e-01 8.731668183844129089e+03 3.223372088735115994e+02
1.728420536500000000e+09 1.544156745815344145e+01 1.104376193662706396e-01 8.558537908449174211e+03 3.165925153312226712e+02
1.728420555500000000e+09 1.543175829792405729e+01 1.107189859221854172e-01 8.593809943869109702e+03 3.169110588777750763e+02
1.728420574500000000e+09 1.512180711846206016e+01 1.072568876251217967e-01 8.948611521935974451e+03 3.261001437019174887e+02
1.728420593500000000e+09 1.527673692779958969e+01 1.091617395716232564e-01 8.664475990243325214e+03 3.179027795450887197e+02
1.728420612500000000e+09 1.525904488050026231e+01 1.099884880162365908e-01 8.645862703357943246e+03 3.209716439728828163e+02
1.728420631500000000e+09 1.525725143814554663e+01 1.083417116461802693e-01 8.738538173609131263e+03 3.179573444429529445e+02
1.728420650500000000e+09 1.533989176475136063e+01 1.125243900417574466e-01 8.454596699212059320e+03 3.143360257677672394e+02
1.728420669500000000e+09 1.533439282190460240e+01 1.099912591778151594e-01 8.422483220300071480e+03 3.092234090951836833e+02
1.728420688500000000e+09 1.530776842305024488e+01 1.107991487881680170e-01 8.363559268804661770e+03 3.112753041674474730e+02
1.728420707500000000e+09 1.537433875035635999e+01 1.118514583532186080e-01 8.298637955999593032e+03 3.108157418609043816e+02
1.728420727000000000e+09 1.541314534446716955e+01 1.105645174912597561e-01 8.289129984899967894e+03 3.057877105423694957e+02
1.728420747000000000e+09 1.532573444832429210e+01 1.096937744494497768e-01 8.340007295605066247e+03 3.046073381563160751e+02
1.728420767000000000e+09 1.530002499028322660e+01 1.099774737924075624e-01 8.282437925709968113e+03 3.050740990124689347e+02
1.728420787000000000e+09 1.518276622570654411e+01 1.092261704523565247e-01 8.390262575938086229e+03 3.069875267762474778e+02
1.728420807000000000e+09 1.518340539216191232e+01 1.096786243182603648e-01 8.208703916928872786e+03 3.055334233725609465e+02
1.728420827000000000e+09 1.509742672982787681e+01 1.082425982896770972e-01 8.351129467057568036e+03 3.093810871249735897e+02
1.728420847000000000e+09 1.493258536810539105e+01 1.051544004989275610e-01 8.625926106631864968e+03 3.104526204115847463e+02
1.728420867000000000e+09 1.512812979464352914e+01 1.087133765961616344e-01 8.334064881275444350e+03 3.042158029032734703e+02
1.728420887000000000e+09 1.509353952883500405e+01 1.103203913610338455e-01 8.149644343135368217e+03 3.028944670791344151e+02
1.728420907000000000e+09 1.513050839746456688e+01 1.099080251187903728e-01 8.065814247993142089e+03 2.990799407678310331e+02
1.728420927500000000e+09 1.474850978161964044e+01 1.043648606949587471e-01 8.634595847563801726e+03 3.113288509039436462e+02
1.728420948000000000e+09 1.507464515419407469e+01 1.096800819099395391e-01 8.026541729235972525e+03 2.992076554949605338e+02
1.728420968500000000e+09 1.513197184775970427e+01 1.079042227484336147e-01 8.064522941626223655e+03 2.948258233688994210e+02
1.728420989000000000e+09 1.489383034322756849e+01 1.064080752373997851e-01 8.356727479488365134e+03 3.042547809863600605e+02
1.728421009500000000e+09 1.516076279014154515e+01 1.090645672846260045e-01 7.826326874608415892e+03 2.907591586812761193e+02
1.728421030500000000e+09 1.482856906659168672e+01 1.061723351455595016e-01 8.340901281769474735e+03 3.029953360830316456e+02
1.728421051500000000e+09 1.503241117482936140e+01 1.076008336663824005e-01 7.933497358230503778e+03 2.928190844565230009e+02
1.728421072500000000e+09 1.487747388716850594e+01 1.052183974572618447e-01 8.054637782373550181e+03 2.939142176226762899e+02
1.728421093500000000e+09 1.480511041865768895e+01 1.062574030932966207e-01 8.235450357167872426e+03 2.979186512584273601e+02
1.728421114500000000e+09 1.488176407726569828e+01 1.075724470714116698e-01 8.074001872392830592e+03 2.960648182420555941e+02
1.728421135500000000e+09 1.455088178023769174e+01 1.037768501605227794e-01 8.441206635588079735e+03 3.048824834709483298e+02
1.728421157000000000e+09 1.490969346639703019e+01 1.071962362565696963e-01 7.686162842228168302e+03 2.881699818594595968e+02
1.728421179000000000e+09 1.471452093356677437e+01 1.053343832312747808e-01 7.967706908966225456e+03 2.931472590185605895e+02
1.728421201000000000e+09 1.453201956077280421e+01 1.028317986235030429e-01 8.368303492203984206e+03 3.016091627375645317e+02
1.728421223000000000e+09 1.494353352204322327e+01 1.083142074697605733e-01 7.600899769396880401e+03 2.845018853092491327e+02
1.728421245000000000e+09 1.455339614493245648e+01 1.046619746515783239e-01 8.131424419889794990e+03 2.977741399219698337e+02
1.728421267000000000e+09 1.471724514985010224e+01 1.074800342325672314e-01 7.856830334767796558e+03 2.909987411939323465e+02
1.728421289000000000e+09 1.483203058182955658e+01 1.074622395253808510e-01 7.729322957817025781e+03 2.855108259448460899e+02
1.728421311000000000e+09 1.458570004207399329e+01 1.052824301022893122e-01 7.997873991060490880e+03 2.934724882686702472e+02
1.728421333000000000e+09 1.479370434443813132e+01 1.078326876585158356e-01 7.621152791170955425e+03 2.825312880348408271e+02
1.728421355000000000e+09 1.442307327470081901e+01 1.032780612788007923e-01 8.132441205427259774e+03 2.950560243061745496e+02
1.728421377500000000e+09 1.472517494755992296e+01 1.069346185064177501e-01 7.604468217102133167e+03 2.816956137359694026e+02
1.728421400000000000e+09 1.436323539229410962e+01 1.022763495424637570e-01 8.154300548484085994e+03 2.938936196707003319e+02
1.728421422500000000e+09 1.447651292109745391e+01 1.020408498876258091e-01 7.975469530410849075e+03 2.878158452333793207e+02
1.728421445500000000e+09 1.438953669410945224e+01 1.013733978972798933e-01 8.019931533996420512e+03 2.870951289803118129e+02
1.728421468500000000e+09 1.461310364503902726e+01 1.059860487642791393e-01 7.575698626703971058e+03 2.800827796301684884e+02
1.728421491500000000e+09 1.427760762418752982e+01 1.013691691955934809e-01 8.054326301148157654e+03 2.890512014491987998e+02
1.728421514500000000e+09 1.424622701733140850e+01 1.034639523823713547e-01 7.844183852388709965e+03 2.894027552989437595e+02
1.728421537500000000e+09 1.446666666972495996e+01 1.044619519761758042e-01 7.656529756837014247e+03 2.816170974313384932e+02
1.728421560500000000e+09 1.435457235919201047e+01 1.038644688987842984e-01 7.780102973741751157e+03 2.843527858778592758e+02
1.728421584000000000e+09 1.431009323151634050e+01 1.030629107487929380e-01 7.665607877051757896e+03 2.810514161914772444e+02
1.728421608000000000e+09 1.430287285745223969e+01 1.027064524736039514e-01 7.562484292974061646e+03 2.778333821227487874e+02
1.728421632000000000e+09 1.407626269305920808e+01 9.889307229024070500e-02 8.040690183956649889e+03 2.853707297804081122e+02
1.728421656000000000e+09 1.405161383348371551e+01 9.888048831143023132e-02 7.930312876112904632e+03 2.830272486239323939e+02
1.728421680000000000e+09 1.415035318172801304e+01 1.026116885088015490e-01 7.660620787454174206e+03 2.823204526696712264e+02
1.728421704000000000e+09 1.416171249761803885e+01 1.010454526606331671e-01 7.732644900992301700e+03 2.795124892559251180e+02
1.728421728000000000e+09 1.401663406669070255e+01 9.871512831873338611e-02 7.895282953604377326e+03 2.820289656084673879e+02
1.728421752000000000e+09 1.449089242074385098e+01 1.064375480280465580e-01 6.760762093032995836e+03 2.524893621916567668e+02
1.728421776000000000e+09 1.406596220345201687e+01 1.019589020384614325e-01 7.538722904937947533e+03 2.763279830272921913e+02
1.728421800500000000e+09 1.396466436296470093e+01 9.957618485786493001e-02 7.713171083237863058e+03 2.784952169337905161e+02
1.728421825500000000e+09 1.404809656224323788e+01 1.016465312596558090e-01 7.340307735198122828e+03 2.723365985605299784e+02
1.728421850500000000e+09 1.409495302109462855e+01 1.015895923778248056e-01 7.350153644733855799e+03 2.693625934166623210e+02
1.728421875500000000e+09 1.375295254292928071e+01 9.864453693618985275e-02 7.656612287899146395e+03 2.779155261782911452e+02
1.728421900500000000e+09 1.386547060771218121e+01 9.994090013850584486e-02 7.500841139651897720e+03 2.759102283421527204e+02
1.728421925500000000e+09 1.373921194429088466e+01 9.949606039878360064e-02 7.672335024253741722e+03 2.793231268651868504e+02
1.728421951000000000e+09 1.364136577444601173e+01 9.704934176840414317e-02 7.637254990921162062e+03 2.762822794298413669e+02
1.728421977000000000e+09 1.356169800907220768e+01 9.686349283682978151e-02 7.719167698846532403e+03 2.776626982527728842e+02
1.728422002500000000e+09 1.343552075090140718e+01 9.493107301170250478e-02 8.047952144920798673e+03 2.850024134926964052e+02
1.728422028000000000e+09 1.382077741914714331e+01 1.002681157818022528e-01 7.201376014309926177e+03 2.659945531716860501e+02
1.728422054000000000e+09 1.389990152372763177e+01 1.008121626058874898e-01 6.730047313022937487e+03 2.484479842449005105e+02
1.728422080000000000e+09 1.346484979349032862e+01 9.541945618762953663e-02 7.682851559698236997e+03 2.735559990831094410e+02
1.728422096500000000e+09 1.296208509006427434e+01 1.420938526147769443e-01 8.029227222371546304e+03 3.571892797793275349e+02
