Time	Temperature (MK)	Temperature_ERR	EM (10^46 cm^-3)	EM_ERR
2024-11-01T11:00:15	8.954176619435081	0.29203169291310943	514.8126362910072	53.263812165450666
2024-11-01T11:00:45	8.71835172731827	0.4674398036719479	530.4779055545348	76.92865246882916
2024-11-01T11:01:15	8.392238054587496	0.3127058654782405	495.6137276801532	96.85602386445663
2024-11-01T11:01:45	8.404113588843364	0.30395539694164797	498.65988144914706	83.14722025980781
2024-11-01T11:02:15	8.90680209269571	0.3236990976404753	418.5036773966684	70.1107622603085
2024-11-01T11:02:45	8.698883970185756	0.4057775180460047	422.8515392786738	62.441009225308456
2024-11-01T11:03:15	8.168754685104986	0.41592879649247766	557.4071293936881	132.023804437966
2024-11-01T11:03:45	9.087079573910582	0.4731366326557964	451.5045620556419	50.550762131268485
2024-11-01T11:04:15	9.197461456904838	0.4991470864033304	478.8249703078569	65.82376070932804
2024-11-01T11:04:45	8.75671418076718	0.35742173817495065	439.88673975167694	71.02528411088002
2024-11-01T11:05:15	8.064925572506693	0.3094308452219716	576.5773441402049	124.03268652396048
2024-11-01T11:05:45	8.349411286430357	0.4218922420983478	494.8171943546777	100.08615113298026
2024-11-01T11:06:15	7.9112400106342395	0.32894863015347786	563.8909937354331	183.1148164851878
2024-11-01T11:06:45	7.720814145969672	0.19757639457297976	510.10844929901845	52.3697132885408
2024-11-01T11:07:15	8.498073078305326	0.3220232399183683	438.41479291014963	64.35578093692088
2024-11-01T11:07:45	8.089888532853669	0.3312878880121459	486.20296398585697	125.01318478073904
2024-11-01T11:08:15	9.07524553746377	0.33386889574088546	403.0751499162315	45.20422077023559
2024-11-01T11:08:45	7.845935808170895	0.3656088381508589	436.65449693276736	80.74246735493485
2024-11-01T11:09:15	8.379041203870848	0.32150355223275956	434.7511501258409	79.30753657050354
2024-11-01T11:09:45	8.674270844999347	0.4621347410366612	491.262881280186	116.55275859878874
2024-11-01T11:10:15	8.153432685151104	0.3720826685824554	459.1739723175132	144.5634090763555
2024-11-01T11:10:45	8.121649385065925	1.3498356728157896	1048.4438690313946	649.2820835023716
2024-11-01T11:11:15	8.149021118877043	0.3333818811655294	436.1787674601891	104.97224281592723
2024-11-01T11:11:45	8.313154645462564	0.3930884735141049	390.7859160694342	147.78168199024782
2024-11-01T11:12:15	8.086789648537714	0.6140415789874724	456.3366023121294	110.29566869168298
2024-11-01T11:12:45	8.938797180770699	0.36880730360694486	418.14856016641727	80.41026790067117
2024-11-01T11:13:15	8.443772105707094	0.4179628391608314	333.76419145054706	62.04718619001716
2024-11-01T11:13:45	8.018799079713085	0.3426167915228092	501.2193722370672	134.01688634822494
2024-11-01T11:14:15	8.139943960405555	0.656703495894165	451.0930190186381	115.44025164922878
2024-11-01T11:14:45	7.586184608648686	0.2059077078922546	413.01320513519954	44.4928564164954
2024-11-01T11:15:15	7.797568280545965	0.3752456930685373	378.3352300650654	72.13033307615231
2024-11-01T11:15:45	8.22523740661322	0.3643751095085759	358.6124997466566	114.52902480238305
2024-11-01T11:16:15	7.923966441589428	0.38843086070469934	394.2526512797607	75.44671232035006
2024-11-01T11:16:45	7.346259571495786	0.3256668233205932	631.7880783856767	215.49605630565773
2024-11-01T11:17:15	8.254743135271257	0.34791352322619845	406.7899369696194	96.65714633747362
2024-11-01T11:17:45	7.79828439752303	0.36724116249411837	480.94451711117875	157.4354773294342
2024-11-01T11:18:15	7.3347562466842975	0.3486944464530668	636.5595210450606	225.5995199031692
2024-11-01T11:18:45	7.868295950665689	0.37249994223550725	432.1757254641519	140.04911442414675
2024-11-01T11:19:15	7.834273250104726	0.3534507047405802	435.9923918822003	133.2311469569316
2024-11-01T11:19:45	7.773075985321153	0.38329081654408675	468.8798523010195	153.18182526917408
2024-11-01T11:20:15	7.075625851317545	0.19718883616355976	468.0825183296138	55.686015298369384
2024-11-01T11:20:45	6.599053527641324	0.33455370918967003	641.903068317759	153.2331621501101
2024-11-01T11:21:15	7.042182413300867	0.1926011567777065	544.6052430024755	67.31432030888294
2024-11-01T11:21:45	7.241405730736172	0.37633522228934246	459.85243721969135	101.05395244242047
2024-11-01T11:22:15	7.0073099384718045	0.2005881787165196	464.1433193210301	57.331951676688206
2024-11-01T11:22:45	6.983577705279192	0.1991673790720994	547.9738232603031	72.34012708729615
2024-11-01T11:23:15	6.606892856542372	1.2774347652866374	548.3428115497767	316.4905587603457
2024-11-01T11:23:45	6.867407293977309	0.39477216909544655	545.7535602748246	146.72788734744577
2024-11-01T11:24:15	7.205390055294905	0.21264594029207703	443.34989264513655	57.02916365308967
2024-11-01T11:24:45	6.8546896654112635	0.20587678681824906	565.8181624056098	80.4427870712052
2024-11-01T11:25:15	6.840305693024571	0.1933848240940446	561.8603611570131	75.38572306185469
2024-11-01T11:25:45	7.066452123639363	0.41284370077047694	414.25073164717605	106.2553400074409
2024-11-01T11:26:15	7.153774658714727	0.24838476687896718	419.28020990894186	64.19909116546863
2024-11-01T11:26:45	6.9082208254207496	0.20635450423301882	466.2007935151404	61.83036941353445
2024-11-01T11:27:15	7.311867761272709	0.23842579965236313	373.6820011327708	51.801912659582875
2024-11-01T11:27:45	7.527526920776969	0.4170366771370077	433.70818179248266	169.77685676432674
2024-11-01T11:28:15	7.180302969978039	0.43886845440384964	415.88207320201997	112.94324390207322
2024-11-01T11:28:45	6.905026378578449	0.22289093537042418	467.71390936038694	69.2148659426422
2024-11-01T11:29:15	7.4529694849889205	0.23718541965494785	332.333299812818	43.1316995713381
2024-11-01T11:29:45	6.649660473900572	0.36590230878166635	516.9000528032483	133.63675416850538
2024-11-01T11:30:15	7.137524757525524	0.2339407566889346	345.0035303750307	46.518094015951625
2024-11-01T11:30:45	6.667648134005621	0.20522491068285398	528.1727331515863	78.33648930783951
2024-11-01T11:31:15	6.9457490480926865	0.21873563720151604	417.81994315164775	58.29438332103834
2024-11-01T11:31:45	6.977525451249353	0.22741533781498147	406.74884500549456	58.12837053556406
2024-11-01T11:32:15	6.825793040212929	0.22487464288900696	395.1895827130547	55.732525053698836
2024-11-01T11:32:45	6.49811939777418	0.4107938592972375	631.0234809950189	199.0673007158927
2024-11-01T11:33:15	6.830172739957071	0.2196023556092574	473.51820521427044	71.38070540210359
2024-11-01T11:33:45	7.212050674079609	0.427454946727568	326.1821753369884	83.88919820767039
2024-11-01T11:34:15	7.086200792614698	0.23262343064008434	403.73940135828343	59.8224847780792
2024-11-01T11:34:45	6.964023446485834	0.43487026835591636	404.8473983168489	113.28674997527901
2024-11-01T11:35:15	7.0584361224433225	0.45153639982118793	417.42649281156446	121.99630507460823
2024-11-01T11:35:45	6.780543246193093	0.20861968593158964	472.8417283144247	66.8013404519762
2024-11-01T11:36:15	7.239896871836575	0.23849385312984303	382.00987779487673	53.90543620313593
2024-11-01T11:36:45	6.891963000526907	0.271105406825919	456.3640764315569	82.01177304831116
2024-11-01T11:37:15	7.25369657066812	0.23157030935238604	375.48098732606536	51.213927524077874
2024-11-01T11:37:45	6.984467084530242	0.4374326972855031	467.65437911679567	135.75435137372207
2024-11-01T11:38:15	8.373276336327523	0.45039752704252395	318.9140743308194	77.25749360440122
2024-11-01T11:38:45	6.907916107899302	0.43311260068914315	403.55829320120546	114.49943471124286
2024-11-01T11:39:15	7.114938131183516	0.2289153431321944	399.37303117279555	56.41280599218134
2024-11-01T11:39:45	7.3667216366444235	0.24644540143961174	338.57984187017314	47.59212531170312
2024-11-01T11:40:15	8.155528706181672	0.3582239652730794	415.2875694054087	93.73934958124765
2024-11-01T11:40:45	6.714505550240292	0.4018223240334047	510.2404373063368	143.24610990992537
2024-11-01T11:41:15	7.5508310808590595	0.27131493607887536	303.9435570167133	45.2219190614214
2024-11-01T11:41:45	7.145334694407772	0.47160099514858184	405.40142905018763	121.91567362165156
2024-11-01T11:42:15	7.197150218127436	0.23443553815428936	381.18519972273475	53.97282257457259
2024-11-01T11:42:45	7.385021708443436	0.4645152591037574	362.3210165628843	97.52241934804555
2024-11-01T11:43:15	6.935805371564148	0.2235035105698184	460.14564100653996	69.64113868724715
2024-11-01T11:43:45	7.033698349818338	0.22662723432593793	375.5015118170366	52.68391861187232
2024-11-01T11:44:15	7.581455925316393	0.5118871262344045	290.79463469457045	82.87069675137865
2024-11-01T11:44:45	6.723306970973191	0.37901133166891304	438.81550716764116	114.20832486452389
2024-11-01T11:45:15	7.044058060805049	0.21859878506809435	411.3142312636329	55.44816398225459
2024-11-01T11:45:45	6.4415775088339196	0.19613156474948606	553.1322668223786	77.63820584041042
2024-11-01T11:46:15	6.939786361504514	0.22547266826887571	362.43483913892675	49.698415232192296
2024-11-01T11:46:45	6.796044066422276	0.4634468727858334	448.8921755257583	145.17384367297754
2024-11-01T11:47:15	6.980123257602139	0.22974492342752484	372.4074058988924	52.954749113990474
2024-11-01T11:47:45	6.728227522216949	0.21159234069652286	466.8812237256205	69.27091598343672
2024-11-01T11:48:15	6.616679944308908	0.21512313558873578	445.7282162571258	65.35588629890357
2024-11-01T11:48:45	6.802896162525381	0.8536865142503854	600.5155823091255	362.6268585635374
2024-11-01T11:49:15	6.797281240877721	0.2259739951611117	421.7249265780825	63.9511655210068
2024-11-01T11:49:45	6.710847905263206	0.22288890668300476	456.3927276079555	70.08476748800051
2024-11-01T11:50:15	6.635398482785345	0.21186030925240168	472.22465269493307	69.57383900969128
2024-11-01T11:50:45	7.105948909472059	0.23475690216825354	351.20278074642516	48.96761294063725
2024-11-01T11:51:15	6.9886659233203625	0.4803218958926979	420.3166789462504	133.18957018625792
2024-11-01T11:51:45	7.452443530811651	0.26315434561183737	335.08372769093785	51.03312512610727
2024-11-01T11:52:15	7.658737288344355	0.44683262208922553	307.9474476815268	72.59758394013225
2024-11-01T11:52:45	6.974982148557968	0.21929871895385197	438.146434351085	62.23305787782131
2024-11-01T11:53:15	6.416667134472265	0.40180710695317895	633.1045083715095	198.30518722189683
2024-11-01T11:53:45	6.602537378438938	0.3854428072268069	776.5174716284151	226.3056680071333
2024-11-01T11:54:15	6.673601106044948	0.429229639381344	476.8507933465725	144.45774937718738
2024-11-01T11:54:45	7.394298975150166	0.50740035789649	337.3277909735368	100.66772732134046
2024-11-01T11:55:15	6.981395807851875	0.22840584551977214	410.17678843307556	59.44429953971574
2024-11-01T11:55:45	6.616612321830434	0.20729704445946392	513.5242479508006	76.09363168540715
2024-11-01T11:56:15	6.649344017090361	0.21416219839311582	486.4441357980633	73.82704267009595
2024-11-01T11:56:45	6.471354837227302	0.4178932876127904	511.3171272620063	165.40103312671056
2024-11-01T11:57:15	6.658655095572566	0.4712874940422014	481.8680382525643	164.21008090191222
2024-11-01T11:57:45	6.573867631224066	0.2135934702668104	470.55107287098434	72.75847364435424
2024-11-01T11:58:15	6.301873969150986	0.20846160018918405	479.3313994145216	74.75302029480527
2024-11-01T11:58:45	6.771282906009429	0.4426361677983816	656.1239534293493	212.20257615895804
2024-11-01T11:59:15	6.688234210728824	0.23354928303307826	403.9049844457096	65.3149532994917
2024-11-01T11:59:45	5.984109273032719	0.20138738182505597	637.5196459986365	109.31989238429976
2024-11-01T12:00:15	7.071139752176275	0.2706933796787632	294.04454230984635	47.73605792123849
2024-11-01T12:00:45	6.271625848323161	0.21639973377346455	491.9019120498858	82.88564828058423
2024-11-01T12:01:15	5.929847823701474	0.20818686746215634	652.540026554398	120.10309993168438
2024-11-01T12:01:45	6.2361641868290665	0.21530315521657467	584.9373103480747	107.09584862471841
2024-11-01T12:02:15	6.57879123320787	0.23309646012170418	428.70875026235194	68.47874716388894
2024-11-01T12:02:45	6.559683158224754	0.22215540297103215	441.02830040388056	69.88710027414234
2024-11-01T12:03:15	7.0757940874577425	0.268438010246751	281.8124654110919	44.759792642363756
2024-11-01T12:03:45	5.949561613474005	0.21264776372443472	638.6491704552037	125.46157595814276
2024-11-01T12:04:15	6.143544995168651	0.4183787570437936	560.4091121295983	191.50359072250404
2024-11-01T12:04:45	6.6850171654284	0.2303765529915421	393.5399267681866	61.051978065179696
2024-11-01T12:05:15	6.243092930060077	0.434939158391139	525.1765529468191	186.36123322726067
2024-11-01T12:05:45	6.415173658800384	0.23527853595206605	490.18450490973095	92.02243389522718
2024-11-01T12:06:15	7.7359091575738	0.40478551940148566	367.1762450394451	103.43920091784125
2024-11-01T12:06:45	6.955281753518603	0.4527929586574545	283.2437444742898	79.26979967330927
2024-11-01T12:07:15	5.877076504011166	0.47130121721895685	665.6129925683374	284.9339158429475
2024-11-01T12:07:45	6.591290420131279	0.24398263573846124	381.34218141332263	66.85106614369334
2024-11-01T12:08:15	5.910788714140305	0.20154250524479397	534.03825137762	89.25729319131617
2024-11-01T12:08:45	6.493109768820879	0.23903255066468918	384.89020050643927	65.93150869273833
2024-11-01T12:09:15	5.885446230191112	0.21051977317013318	725.3176715743567	149.9444342317196
2024-11-01T12:09:45	6.154544792827031	0.22572586655588614	447.0082762266243	76.33457178724996
2024-11-01T12:10:15	6.2787941688249225	0.22048460027511219	514.4439776917238	91.47035365490815
2024-11-01T12:10:45	6.444962073890208	0.5082826549448931	498.36824322582413	195.90541914448306
2024-11-01T12:11:15	5.994575895124812	0.494382867254911	552.5596594127696	236.1428221179234
2024-11-01T12:11:45	6.222606720338878	0.4965005329720939	490.1657895211521	200.98578637734627
2024-11-01T12:12:15	6.44517255802497	0.4961824283825579	445.35458545270325	170.58419259007144
2024-11-01T12:12:45	5.965272221951395	0.21446209874887268	503.491327710796	90.29378364000821
2024-11-01T12:13:15	7.202508149035168	0.4423639710767679	667.0363336073073	262.9029266832066
2024-11-01T12:13:45	5.907645225018247	0.4467459478678452	452.1616305928359	164.99865535453733
2024-11-01T12:14:15	5.968552783028748	0.23253129350589957	485.14048414047903	94.77060015446447
2024-11-01T12:14:45	5.813967703480975	0.2140691065930275	568.6421886404607	101.71725873763366
2024-11-01T12:15:15	6.18900206394268	0.23065555841176813	437.18495332456916	79.4742465872027
2024-11-01T12:15:45	6.133676209336454	0.22745119576193462	523.709247134747	105.5903882638494
2024-11-01T12:16:15	6.4285106514526165	0.24877790659518165	405.4163259991011	79.94992995030015
2024-11-01T12:16:45	6.44808206210376	0.5022694483676583	360.7394769554594	136.27267787161966
2024-11-01T12:17:15	5.738004553708052	0.23491356645801525	688.8194890162889	164.2905789183132
2024-11-01T12:17:45	6.138140015326455	0.45320957480611235	480.5972004664781	182.90173514747372
2024-11-01T12:18:15	6.2891892940046965	0.24715522859075037	443.7072463196124	90.19517204134551
2024-11-01T12:18:45	6.581194428571684	0.25130290517791626	355.7962311041372	66.52248106322939
2024-11-01T12:19:15	6.198750779843639	0.45871460192886887	469.67481401060684	175.48320697573564
2024-11-01T12:19:45	6.3557748237707274	0.25749192525534187	356.6929180002103	66.73178030034768
2024-11-01T12:20:15	5.93424265569435	0.2094790787719186	576.7972311893266	103.29144836718156
2024-11-01T12:20:45	5.944587150892152	0.21706377098953566	512.619733476635	92.8954862520702
2024-11-01T12:21:15	7.0003585337585985	0.2762550508576002	281.4616400708858	48.75337969796385
2024-11-01T12:21:45	6.480449197991487	0.24019925997273783	402.8125751605645	71.95842551024471
2024-11-01T12:22:15	7.996426142337985	0.5498998703761884	252.14988629820667	108.04134464363088
2024-11-01T12:22:45	6.9357381107624	0.23936339182462982	343.097213455895	50.28616582350259
2024-11-01T12:23:15	8.61467710266821	0.683327841764151	223.79772200726896	61.23976607095187
2024-11-01T12:23:45	9.146434582931102	0.5029369560452958	219.28509044609208	43.27691192386039
2024-11-01T12:24:15	9.179376929794076	0.39619535655053606	270.810734648024	46.545341395486396
2024-11-01T12:24:45	9.650621829012016	0.3888706690951539	232.11392806847115	35.865465574165086
2024-11-01T12:25:15	10.055169731466888	0.4267474399747765	239.53683499785117	24.942824755919865
2024-11-01T12:25:45	9.450141886826971	0.38083863402398854	303.2933316034004	43.39990484636736
2024-11-01T12:26:15	9.99871439134592	0.40173835946833925	286.3080316288181	29.985778272201298
2024-11-01T12:26:45	9.561679269189911	0.3598305689092531	379.5154116152795	38.09826593847103
2024-11-01T12:27:15	9.20408283391326	0.3577400472332029	405.35415504793497	50.84613743464765
2024-11-01T12:27:45	9.688007243425675	0.37381018661900073	302.4218125407513	40.38613429399607
2024-11-01T12:28:15	9.34979395827684	0.3653813874282653	337.48945225173804	43.699121594837486
2024-11-01T12:28:45	9.219917587278976	0.3260502461053209	335.64038380092353	46.51690044134421
2024-11-01T12:29:15	9.129041360528523	0.33550353509457836	356.9500084637689	58.028579560940074
2024-11-01T12:29:45	9.219075817367083	0.32646675340566456	359.1521624941221	40.825168241626336
2024-11-01T12:30:15	9.572873839331317	0.4317374169026516	292.03948931853284	40.99186730351827
2024-11-01T12:30:45	8.991459300700662	0.4115180329568913	384.45800654170233	60.81428157908154
2024-11-01T12:31:15	9.268140999445285	0.34456116057398084	323.84682326023454	46.14669731044068
2024-11-01T12:31:45	8.901411420206726	0.3994413154507171	359.85424509802	73.0155084258608
2024-11-01T12:32:15	9.222261101872615	0.40244647645860737	316.49895244762337	46.879905169713034
2024-11-01T12:32:45	8.750901410180438	0.4349000511737371	389.70084947039726	64.86577372651838
2024-11-01T12:33:15	8.922663453923537	0.42697666000090173	352.2068886550709	51.83443384361083
2024-11-01T12:33:45	8.731260404510962	0.33313504080982326	383.23603405013097	71.61606536097669
2024-11-01T12:34:15	9.051427442757484	0.33998166851911255	419.5088585573407	46.014143169432415
2024-11-01T12:34:45	8.997362438353237	0.40852335826534086	357.7495955415988	58.13193527481151
2024-11-01T12:35:15	8.621515109900942	0.44419974117906474	420.45306473669564	74.99521175073215
2024-11-01T12:35:45	8.961829535392637	0.4523467915334535	386.1493365468105	53.932862224417896
2024-11-01T12:36:15	7.9989356585833224	0.2175950229428041	405.0029978527951	43.03627420776655
2024-11-01T12:36:45	8.735254229674592	0.3495331709199803	349.50605505149804	60.78359824945677
2024-11-01T12:37:15	9.078830925594188	0.4183573452611623	341.3740816039126	47.5286277379787
2024-11-01T12:37:45	8.838658667966781	0.3739316450651976	370.2412295121059	60.176934776427906
2024-11-01T12:38:15	7.723711637240087	0.3875248679205267	465.10238596068064	97.30254049309433
2024-11-01T12:38:45	8.624682846958477	0.34755334312297886	352.46658337047046	65.43845862412081
2024-11-01T12:39:15	8.145015063474453	0.36754968610782973	489.8014009261441	121.87562336851441
2024-11-01T12:39:45	7.647121197416298	0.42447423140350155	498.12126550614295	116.88447073418115
2024-11-01T12:40:15	8.36224557250628	0.4809771920099218	406.0424317815618	109.50036740149089
2024-11-01T12:40:45	8.300872030610364	0.35339770513319635	457.5111655154841	89.98738534343715
2024-11-01T12:41:15	8.716763738273844	0.3912759312034163	406.5273159217853	68.24630408039714
2024-11-01T12:41:45	8.253643631829497	0.4637196420112058	497.3449715684596	99.19166292576475
2024-11-01T12:42:15	8.064216204087103	0.5160407024335777	504.99021961351133	130.8782057343248
2024-11-01T12:42:45	8.019654548980347	0.3550015704051027	428.4741065869153	74.07365004312817
2024-11-01T12:43:15	8.251464726492957	0.5675130170674602	522.0517896237745	94.17036029076291
2024-11-01T12:43:45	8.937062569944919	0.40999690005653533	360.15958218183897	58.53659007032634
2024-11-01T12:44:15	8.774234361960618	0.3788370582514203	427.4125467987354	63.289573403792474
2024-11-01T12:44:45	9.174006925942482	0.32743403323965337	362.0496724003862	52.343242506861344
2024-11-01T12:45:15	9.75641633468533	0.3789050087698637	364.2847530021344	33.48170300023143
2024-11-01T12:45:45	9.611657075922723	0.3504630131942887	390.18982050046236	38.295550308618026
2024-11-01T12:46:15	10.069207588573605	0.3548063951706521	353.84015537742863	33.71606844467826
2024-11-01T12:46:45	10.921018309779463	0.35782718645136075	352.37368373111906	22.653721726325397
2024-11-01T12:47:15	10.8553387422098	0.35623876635206303	359.4789542304138	23.807553353738907
2024-11-01T12:47:45	10.944127582851202	0.3360608083313358	387.60413255657136	22.953801936361714
2024-11-01T12:48:15	10.933338914104963	0.33568002750270937	440.90546076008195	26.715541315463366
2024-11-01T12:48:45	12.04408710813803	0.3308651020395641	417.92018574199614	25.57829232230804
2024-11-01T12:49:15	12.08335717153901	0.3102761639142831	421.44352452852905	21.332495554006567
2024-11-01T12:49:45	12.721586811794271	0.32003429581824333	437.82716751822153	23.324600175764314
2024-11-01T12:50:15	13.411071796069391	0.30888438629213294	443.16215810363815	22.843979741258895
2024-11-01T12:50:45	12.930190948139408	0.28922761898853094	491.9831820409329	23.684763905044424
2024-11-01T12:51:15	12.943357053359131	0.2827409528543855	518.9890315335617	25.31577360990692
2024-11-01T12:51:45	12.347924097967617	0.2689719659670653	567.5826906135011	25.83893876629784
2024-11-01T12:52:15	12.407334280551861	0.28227408983747937	582.6906652297953	30.358489812973563
2024-11-01T12:52:45	11.923820366582541	0.26990529648665995	592.2687870069759	28.830288718408415
2024-11-01T12:53:15	11.247020776016507	0.268797393703941	648.3934842590911	33.18734427880523
2024-11-01T12:53:45	11.359223121583318	0.26985691238397513	622.5638093442842	32.59271531697991
2024-11-01T12:54:15	10.576249783045022	0.2722254896308337	681.8240962950433	38.09176598655188
2024-11-01T12:54:45	10.272418787003142	0.2703621249356686	738.0441892304005	44.86563783750893
2024-11-01T12:55:15	9.899645201596927	0.2715800141638195	640.3640246799791	43.52650976076952
2024-11-01T12:55:45	9.878953554810407	0.2769357460030618	654.6855652836135	43.29107938918013
2024-11-01T12:56:15	9.67912675970384	0.22172797532286356	703.8805419946638	44.58315174059999
2024-11-01T12:56:45	9.067517849124656	0.292405079147455	731.1352412348011	68.19424129051151
2024-11-01T12:57:15	9.137286799460645	0.25020913480899754	650.2997115975924	65.26884279939091
2024-11-01T12:57:45	8.830378413552834	0.2500905885257549	664.9212911512793	80.91535927131982
2024-11-01T12:58:15	8.697851761687126	0.29398131758247426	711.6303989360403	87.18733003115305
2024-11-01T12:58:45	8.558091094220341	0.30997586478590144	683.0623664949413	87.63979011216676
2024-11-01T12:59:15	8.130000387116652	0.24911898051510897	772.0626641369631	125.22620314134011
2024-11-01T12:59:45	7.893138004331243	0.27866122141140826	875.414471466261	188.23227869566182
2024-11-01T13:00:15	9.303795328457204	1.1753235427876498	889.1671085388406	307.06748414245396
2024-11-01T13:00:45	7.915794196433299	0.2804792323472913	793.3782977855004	161.05563656551635
2024-11-01T13:01:15	8.349965158659968	0.2861761854716292	572.3634305404261	95.66915998333275
2024-11-01T13:01:45	7.566188609148403	0.2911430563403316	608.4791814812086	95.33822606736315
2024-11-01T13:02:15	7.379478428611668	0.46804485411527863	853.9118483445386	297.8503903892242
2024-11-01T13:02:45	6.950569957202864	0.16254244961993622	850.9106275156332	92.98527518981116
2024-11-01T13:03:15	7.151573772376018	0.30953763594813977	890.7367267757437	302.7660133844358
2024-11-01T13:03:45	7.747735238218727	0.3183920730952914	630.4194927151284	187.02224973349428
2024-11-01T13:04:15	6.676400054451789	0.15978710920239358	850.5280654134943	96.19615185354832
2024-11-01T13:04:45	6.650935037599868	0.1564621845275154	807.6740951192123	87.67038312640888
2024-11-01T13:05:15	8.075069252254902	1.44312181821704	722.5893691759899	204.49422371108372
2024-11-01T13:05:45	6.875674692361795	0.17934269898998415	761.2709709204001	94.47709459597132
2024-11-01T13:06:15	6.852921548826227	0.33439485561918925	871.4024385589956	330.4968961362347
2024-11-01T13:06:45	7.851525869259062	0.7341712681711412	586.1412507320077	187.58454269114543
2024-11-01T13:07:15	7.579410473316562	0.4185257358329166	544.263420960767	129.62468655350264
2024-11-01T13:07:45	6.70956108944542	0.17289228251953154	667.1237019028788	78.36002851624103
2024-11-01T13:08:15	6.764826932280694	0.3261426103813945	908.642941049678	353.1793124107329
2024-11-01T13:08:45	6.576321821170585	0.3329942783259886	727.5570815714817	175.46677650370827
2024-11-01T13:09:15	6.77748397768948	0.1807411106439793	664.4288985330617	83.79454987944473
2024-11-01T13:09:45	6.343484794332658	0.17039119948311104	731.1133447064808	93.35040646523224
2024-11-01T13:10:15	6.6960640757830845	0.3949007913055624	664.8105051322459	190.8884330801752
2024-11-01T13:10:45	6.252436248338221	0.32375695659512016	1381.720131417227	381.68614335125386
2024-11-01T13:11:15	6.324395041274181	0.16944226268656776	779.668539398237	101.18018534621335
2024-11-01T13:11:45	6.651418645504893	0.1846674720240701	606.1620598704131	79.7372151321004
2024-11-01T13:12:15	6.799425740137451	0.20184173074890913	434.26318146146815	59.72471725644607
2024-11-01T13:12:45	6.363062790461229	0.18125216234223931	696.0875963179899	98.97388359323642
2024-11-01T13:13:15	5.926710539885914	0.16401166047264976	994.8574145578096	150.6450595812387
2024-11-01T13:13:45	6.25853239598754	0.17301638094223265	856.472591001845	125.01808580307633
2024-11-01T13:14:15	6.319388062955843	0.17993981949297544	685.2474112709326	95.09179377584424
2024-11-01T13:14:45	6.722975921980218	0.2019821744997788	522.2964241234808	72.35135399286412
2024-11-01T13:15:15	6.2999195185083146	0.18961183929194037	669.167347891281	102.16484753237674
2024-11-01T13:15:45	6.517387787546597	0.20109869187670795	501.0044475959166	71.41091719849948
2024-11-01T13:16:15	6.394535481128409	0.19953686911784838	571.0114352892712	84.42356113289
2024-11-01T13:16:45	6.306921428561247	0.19824582783303152	578.5327383925231	89.2765131480274
2024-11-01T13:17:15	6.932258050754581	0.41160577181349983	627.9891738111631	176.59718612879914
2024-11-01T13:17:45	7.604666141770626	0.3760628006560806	527.7948038821044	145.93764225473203
2024-11-01T13:18:15	6.397766635250495	0.20976204132538706	547.0245439996701	86.55534087469599
2024-11-01T13:18:45	6.357970892400496	0.19993225773285905	532.1157842670127	81.70186378393298
2024-11-01T13:19:15	6.135612992768331	0.19403899318448747	600.8556284759856	94.01424498936889
2024-11-01T13:19:45	5.773868371762287	0.186261941506402	877.2790393674277	160.20018300734148
2024-11-01T13:20:15	6.451550929866093	0.20765660553790055	517.0532454318816	78.7154065694399
2024-11-01T13:20:45	6.949926983363156	0.44907667518316025	399.47473824695356	116.41014134095848
2024-11-01T13:21:15	6.586281171499066	0.20346031140170256	498.42487007989126	71.84900834620308
2024-11-01T13:21:45	6.984941492548042	0.3904332123083508	415.65622137420695	101.99351084761162
2024-11-01T13:22:15	6.287157285312406	0.36607933880308025	657.6249290455237	186.8113722365813
2024-11-01T13:22:45	6.79020757738294	0.2094040042647479	466.74179052304095	63.40010272603276
2024-11-01T13:23:15	7.091646868713883	0.3734284852267936	396.8539803006569	89.7723320421786
2024-11-01T13:23:45	5.997094752965395	0.1785114176239167	736.227035968115	108.0349071901806
2024-11-01T13:24:15	5.976806213090192	0.4083389323648866	879.5340336632189	316.78208012889644
2024-11-01T13:24:45	6.605108298910599	0.21330100497103982	481.31246129201793	72.78635499047653
2024-11-01T13:25:15	6.348148029992337	0.1983096863608477	587.749696289106	91.91682277894694
2024-11-01T13:25:45	6.3473256004451395	0.20560250261143098	622.3056451271561	102.953608673292
2024-11-01T13:26:15	6.392985533778772	0.21316808407434487	504.6135510474555	80.40960625873969
2024-11-01T13:26:45	5.880173386154624	0.19114298817420047	761.9051522687107	129.9617785453806
2024-11-01T13:27:15	5.85087287882726	0.18984815186273307	722.8997433575032	128.85370531995358
2024-11-01T13:27:45	7.586602990947787	0.40837142670561244	468.6040956631164	142.5464091952847
2024-11-01T13:28:15	7.520822562051586	0.39246487161439747	451.15723396885016	130.0543742427374
2024-11-01T13:28:45	5.5728963180660225	0.1900479536493009	1010.766527179976	213.80830441215372
2024-11-01T13:29:15	6.8648976665267885	0.4812731824734645	806.9166618092798	371.4706218816527
2024-11-01T13:29:45	5.816774711099308	0.20829641033832771	596.7091197785675	106.21856498284828
2024-11-01T13:30:15	7.193050658183741	0.46957883730848576	553.2646240766625	217.8631867574241
2024-11-01T13:30:45	5.720305673430931	0.20867766503877094	657.7834106449955	116.01674870579312
2024-11-01T13:31:15	6.38628107884639	0.23874409013422693	449.78855668196996	81.27648332182784
2024-11-01T13:31:45	5.688666489153979	0.21678004079897764	654.0876436113757	132.55917348354254
2024-11-01T13:32:15	5.942383885269807	0.22658518710060369	515.7542475219352	100.16693390071454
2024-11-01T13:32:45	5.875510478206834	0.21702606813629424	738.7425657744686	150.82719609454224
2024-11-01T13:33:15	6.017131338264696	0.20808288612125508	576.342548766942	102.95934110344398
2024-11-01T13:33:45	6.151892885671584	0.22629068507322572	622.8172623857196	122.87523055596152
2024-11-01T13:34:15	6.7398462858103105	0.553683033693015	813.8269097669368	439.8400403197216
2024-11-01T13:34:45	7.186828564100785	0.5133045671074631	465.5881352213477	192.3812234314339
2024-11-01T13:35:15	5.8143976322172355	0.2147806560669359	608.9614329357122	118.9962065453022
2024-11-01T13:35:45	5.881498152660148	0.23264751423874017	552.0201568283903	111.79918267042815
2024-11-01T13:36:15	5.638133677213367	0.2321692544588939	592.3770055760649	128.7500559774478
2024-11-01T13:36:45	5.732699829032122	0.20977177934377697	657.3492095210706	127.59281268832514
2024-11-01T13:37:15	5.801011348253158	0.21950465227887003	567.9537929752552	111.91859422896032
2024-11-01T13:37:45	5.875294123038822	0.2251829744319067	510.35377427567084	94.60314009457832
2024-11-01T13:38:15	5.597915694669426	0.2181310431484469	654.1130993939897	129.76334386390639
2024-11-01T13:38:45	5.794340830496194	0.21701396450043312	630.505808812531	130.13100363186118
2024-11-01T13:39:15	5.989430160031694	0.22947278137448546	528.4687731025725	105.7140342503217
2024-11-01T13:39:45	6.1666703515509065	0.23322854089141942	467.22713091714047	92.28696034175779
2024-11-01T13:40:15	7.539916492228656	0.4869905785627169	446.21667239449715	174.13132391576963
2024-11-01T13:40:45	7.25480180694871	0.4763568575395393	487.65999132104895	186.30012560534456
2024-11-01T13:41:15	5.900976880287785	0.21973083560606568	559.7439428873971	113.90030275734873
2024-11-01T13:41:45	7.525922729088286	0.5073933747122982	429.1119802169481	174.70047455975276
2024-11-01T13:42:15	5.869138608259359	0.21360770247414107	551.9042106729207	104.87906927714467
2024-11-01T13:42:45	5.490385776036854	0.20646057216970004	828.4558647843867	183.1612351567823
2024-11-01T13:43:15	5.942969580371087	0.23401292931893825	504.51218266690483	99.76093342385448
2024-11-01T13:43:45	6.116562329038719	0.4540394980360481	482.85890352098625	175.1781141406244
2024-11-01T13:44:15	5.902215234411874	0.4743222345087712	699.5330457436339	298.6806744366349
2024-11-01T13:44:45	6.464215723348655	0.23144027543558926	481.740116319792	86.30448696995167
2024-11-01T13:45:15	6.864352693198572	0.5260114220556085	331.53995062991874	118.50803381295091
2024-11-01T13:45:45	6.4233821040707815	0.2313630946819832	401.24164632874056	64.35660707717062
2024-11-01T13:46:15	6.301267168881429	0.4516303772812781	527.2239547258107	194.14192070781954
2024-11-01T13:46:45	6.478751528099729	0.48516305315486746	454.72407983947807	171.19407579009754
2024-11-01T13:47:15	7.091713982237045	0.49348519985706135	449.4105364239035	143.43291894500382
2024-11-01T13:47:45	6.644782893704909	0.23668385181150256	425.62021882256784	73.0162343932888
2024-11-01T13:48:15	6.540231418769491	0.23524768202310187	394.3831126965229	66.79084033894027
2024-11-01T13:48:45	6.720976334905198	0.24015502274296724	356.2374037006408	56.6438252525091
2024-11-01T13:49:15	6.922176871960123	0.46680962376808466	531.7815431725038	173.07067434739002
2024-11-01T13:49:45	6.888052189784504	0.4117919027615462	347.06910166272144	91.14059644489848
2024-11-01T13:50:15	7.181116544168853	1.0458177813044076	456.978083300011	308.09375593928763
2024-11-01T13:50:45	7.34193627344841	0.4716211180664772	325.4429424386239	91.85157370893674
2024-11-01T13:51:15	9.25281991700117	0.4468134818962597	204.742469516172	33.09387085291332
2024-11-01T13:51:45	8.075223228474373	0.4737297168538152	256.0030854259767	58.01462153758113
2024-11-01T13:52:15	7.9985753715177035	0.2745272607030574	272.6771319005676	36.6935149167817
2024-11-01T13:52:45	8.585167589201552	0.591813683158241	335.97104811354137	82.81317841486181
2024-11-01T13:53:15	7.762152487711872	0.7118438001880899	384.4393372638042	142.77987112233674
2024-11-01T13:53:45	8.097644691138875	0.421211373652758	317.37779872174696	109.65388168040114
2024-11-01T13:54:15	8.441868179290273	0.5720569853745474	330.16283622158807	101.08031505334354
2024-11-01T13:54:45	7.8110358034319605	0.4776795396496621	436.9360875814954	147.84376862583932
2024-11-01T13:55:15	7.572326448558952	0.5054187157626803	350.56008987212255	99.43503694415334
2024-11-01T13:55:45	7.927316088971346	0.4366054896131351	463.70697655147535	128.59451134962592
2024-11-01T13:56:15	8.746074555642812	0.7488617015455202	332.2225767786055	89.06992882538857
2024-11-01T13:56:45	7.613287155709475	0.4341416334800149	339.2213339584426	79.96222466161194
2024-11-01T13:57:15	7.627275504175783	1.2043776340789565	350.29117061994566	153.10816792038483
2024-11-01T13:57:45	7.863896502617843	0.2537474178033499	301.1333068436988	38.00191587656039
2024-11-01T13:58:15	7.5753931670938295	0.39646795203149415	528.795489089932	143.85360277907455
2024-11-01T13:58:45	7.651396260431391	0.6096003838538654	397.24310929283394	173.02678963826605
2024-11-01T13:59:15	7.35545917829046	0.22366080433867153	425.5096414885158	55.59980226332861
2024-11-01T13:59:45	7.802905567783263	0.40164128467405347	433.51175692392263	130.12298761452425
2024-11-01T14:00:15	7.424689155695129	0.22725078518737318	370.7946070586776	47.349831614745746
2024-11-01T14:00:45	6.680442277875552	0.4042321934757191	602.5316198173322	177.81105237913434
2024-11-01T14:01:15	7.3506664884886	0.22539060186268578	407.59609112355645	54.3942998517754
2024-11-01T14:01:45	7.287359633604399	0.2226409202893631	407.4992103026039	52.12187689715297
2024-11-01T14:02:15	7.080393088318768	0.21977974053855096	476.43617353537013	68.05247974202007
2024-11-01T14:02:45	7.001045136476729	0.3830594193377978	445.25071176077734	109.7243230687172
2024-11-01T14:03:15	7.885965875688202	0.45605721624822365	496.2080884341294	164.40954516585936
2024-11-01T14:03:45	7.831301708684484	0.46714811456186056	313.99703524908284	74.44972420524294
2024-11-01T14:04:15	7.1574555551862655	0.2174309700338282	390.99589551399555	49.204227327388
2024-11-01T14:04:45	7.114900271973116	0.21616818662379045	488.1132308614888	68.06107714387139
2024-11-01T14:05:15	7.268637051139009	0.4351852450670609	403.8713070875148	103.89431776956896
2024-11-01T14:05:45	7.344290714793005	0.2261862422076408	387.53235680391106	50.26915688222151
2024-11-01T14:06:15	7.105997231336158	0.2161177209314476	443.53962879008526	58.718334991822246
2024-11-01T14:06:45	7.785220498380671	0.44331679791185785	299.20179454606676	66.9972092298646
2024-11-01T14:07:15	7.094027448301856	0.2147144905595658	433.383808604728	56.82797841252342
2024-11-01T14:07:45	7.0779473297556725	0.21193084188794525	451.5837062613897	58.506352281263254
2024-11-01T14:08:15	7.638363734476473	0.23592377265489947	361.47892415704877	45.309751117513784
2024-11-01T14:08:45	7.645499082188815	0.41082598433952705	509.1700937294955	159.42936613182593
2024-11-01T14:09:15	7.947638434514055	0.46362282650044795	511.26892973522524	126.23287864254665
2024-11-01T14:09:45	7.490204382949456	0.3989652376372914	635.4042727445043	175.7019429147804
2024-11-01T14:10:15	7.4051244138230485	0.40802299059725594	493.29602022623834	207.14148575401128
2024-11-01T14:10:45	6.907012125098234	0.3978109529515539	494.45475491818297	131.48097447402225
2024-11-01T14:11:15	7.529502663498862	0.4045185896244954	522.6793625395757	194.92947896372013
2024-11-01T14:11:45	8.178503641530918	0.4129053578707793	444.32647269928714	101.3017447034077
2024-11-01T14:12:15	7.908864890313834	0.46512334071576833	309.1564401878512	72.34902574386369
2024-11-01T14:12:45	7.614590994046914	0.4223934712850291	341.85062664837716	77.35455615034883
2024-11-01T14:13:15	7.472591342766361	0.4427053250487222	418.7373990448377	183.64027601192237
2024-11-01T14:13:45	7.23464150751796	0.427059153276749	539.1902927840557	230.92010853381413
2024-11-01T14:14:15	7.6729925975587845	0.5959748678045115	434.26025628783754	161.47280994505743
2024-11-01T14:14:45	8.326622012133067	0.4164542848492426	422.8646781073887	108.49269420765137
2024-11-01T14:15:15	8.055999338688702	1.1550560757446442	473.8327079764805	200.77746419527978
2024-11-01T14:15:45	6.7842358020891655	0.408871610007771	585.8520687973972	168.83462340836147
2024-11-01T14:16:15	6.744184273796911	0.42128743304685656	513.1039359016326	151.81545121682828
2024-11-01T14:16:45	6.8878303757663	0.5895963939377676	1057.7910704621436	471.5502954877884
2024-11-01T14:17:15	6.595648510441444	0.20073085958580497	606.1745182502995	91.00705159614435
2024-11-01T14:17:45	7.079727393798567	0.40886991654672766	425.6174564161658	109.10475132050391
2024-11-01T14:18:15	6.907513008445166	0.21708235225110104	530.680023090314	77.95218677418488
2024-11-01T14:18:45	7.20550657523584	0.4200093841057492	407.0144415972545	103.31450683224348
2024-11-01T14:19:15	7.179463661474909	0.39605358186642675	408.26747843977205	98.78745915419975
2024-11-01T14:19:45	6.936383479849226	0.20118975977075568	473.5995932702521	60.55366951508544
2024-11-01T14:20:15	7.35535020446555	0.22554824963127312	399.6888431754182	52.09150636248765
2024-11-01T14:20:45	6.943991181431863	0.5697706470136733	786.339392809046	288.21207918092006
2024-11-01T14:21:15	7.19971055789412	0.4097375864894517	441.9300182315975	111.90856152389787
2024-11-01T14:21:45	7.981976706527145	0.3913728849127932	403.35800776268627	127.37158644083631
2024-11-01T14:22:15	7.7754716436983715	0.41250016684791574	321.881017870383	68.27860052823681
2024-11-01T14:22:45	9.25907492461885	0.5255306169259147	244.78026155093335	41.08460515551359
2024-11-01T14:23:15	9.146356139669885	0.4872594558404	265.0317464300155	42.51769526826659
2024-11-01T14:23:45	10.312637259409671	0.45197698981685164	183.9747784186835	20.0947451608496
2024-11-01T14:24:15	10.942504524969968	0.4796449514613537	193.33181296365638	18.317157289568012
2024-11-01T14:24:45	12.705665292578345	0.4396165494298887	209.48831820009394	13.901557927580228
2024-11-01T14:25:15	13.95890785612557	0.41838897524526875	205.49180856034027	11.507508037816313
2024-11-01T14:25:45	15.022659063798207	0.3985227333996993	225.7210801564233	12.135849164558618
2024-11-01T14:26:15	15.465111718224062	0.36028304456694304	289.43872042198524	14.304467564495406
2024-11-01T14:26:45	16.894601814843533	0.3567437987154557	333.24107365281463	15.209912402322015
2024-11-01T14:27:15	17.166755816870065	0.32569910312675926	379.18094503667226	15.384377381756126
2024-11-01T14:27:45	17.70253474337517	0.3076626504142398	434.24800727219	16.43827924894622
2024-11-01T14:28:15	17.3997219038245	0.2824790311239866	512.5552161734321	18.55286732148123
2024-11-01T14:28:45	17.622364399255652	0.2869251859602016	540.3757742166639	19.71164426930911
2024-11-01T14:29:15	16.571595686202727	0.2582463634043394	629.4559507660703	22.351040605441
2024-11-01T14:29:45	16.522758433271974	0.2503655081642	663.3698157051397	23.44917296838755
2024-11-01T14:30:15	15.94931415231981	0.24200153050907283	735.136864557769	26.434911972259027
2024-11-01T14:30:45	15.375137552858556	0.2323493499717789	785.6286285976253	28.110133418546848
2024-11-01T14:31:15	15.019700783605778	0.23063871279392234	825.759928021272	30.247771618293786
2024-11-01T14:31:45	14.502439853991453	0.22935958618540928	852.8048589275851	32.25531119542739
2024-11-01T14:32:15	13.980191594498022	0.2195874307232167	903.8783729116111	34.45491178494285
2024-11-01T14:32:45	13.886954628103306	0.22478258050701394	883.470050244983	35.102094759434806
2024-11-01T14:33:15	13.210409322160931	0.22311444568741604	922.6726952914128	37.75399126879225
2024-11-01T14:33:45	12.610246922360075	0.22080047782362383	987.1569657153583	42.692531120859385
2024-11-01T14:34:15	12.567156759392043	0.22353530055047383	938.7157643546484	40.875964504482646
2024-11-01T14:34:45	11.703720138893846	0.21857357636213592	1054.7809410144814	49.049475083010066
2024-11-01T14:35:15	11.450662932371412	0.19047803754797088	1062.9581619320986	46.16997366172685
2024-11-01T14:35:45	11.303434024391567	0.19489278131065527	1014.9734336861202	44.1544671198999
2024-11-01T14:36:15	10.975537699086642	0.19315489711907938	976.1513983864523	41.164666500521996
2024-11-01T14:36:45	10.718728519861962	0.22730716707811946	1030.1756714399914	54.784335997775685
2024-11-01T14:37:15	10.262844316683918	0.22134163452185998	996.8805689312015	51.519848724342665
2024-11-01T14:37:45	9.500920428631586	0.22996822255427318	1037.6443070119158	69.67933562547837
2024-11-01T14:38:15	10.393162397329759	0.23554691363632563	885.7849733785616	49.74826574822548
2024-11-01T14:38:45	10.260730073694253	0.24962454408863774	848.3883184387464	49.292715971393555
2024-11-01T14:39:15	10.077952444582044	0.24626199572997723	874.4653477055779	53.09439463321168
2024-11-01T14:39:45	9.37090558248524	0.2511902797596561	861.5277754067806	66.1521516648817
2024-11-01T14:40:15	9.341281780324941	0.20391206356630304	938.4045244810881	57.86445753957726
2024-11-01T14:40:45	9.590363345296229	0.25271741361784866	742.6721688894556	47.993985440384066
2024-11-01T14:41:15	9.374248855253747	0.27137004038575746	839.8685352348059	64.76566374426795
2024-11-01T14:41:45	9.003787845999891	0.24014479256056737	728.8753541739687	69.4070689385814
2024-11-01T14:42:15	9.027393049945449	0.2323275543889937	702.8743422792427	61.34544713275493
2024-11-01T14:42:45	9.329391594274458	0.24878630079068734	644.0801040548904	50.18428437984063
2024-11-01T14:43:15	8.778311597573284	0.3130031688542757	678.8103024383822	79.80971748879885
2024-11-01T14:43:45	8.527110020008536	0.3140487220840113	763.6378451231698	88.23890583612179
2024-11-01T14:44:15	8.332515850698558	0.24778813996665067	782.1918015633486	100.73571950435998
2024-11-01T14:44:45	8.651539903476936	0.3268346740486139	638.1293881824661	75.2948448735772
2024-11-01T14:45:15	9.13073763013726	0.2764516883690924	562.0603989125476	48.03655626966042
2024-11-01T14:45:45	8.175855751961217	0.34403042596815797	689.5736815358891	122.65004663572257
2024-11-01T14:46:15	8.738948808805535	0.26349441638008464	641.3180678955262	60.73630466190825
2024-11-01T14:46:45	9.41758045033599	0.49733115696835517	751.362967203755	169.29209386313568
2024-11-01T14:47:15	8.424443945634415	0.2784870989852616	533.0540962756351	81.26129881398663
2024-11-01T14:47:45	7.899940154766803	0.31015502544561857	644.5366314924494	162.81297175104407
2024-11-01T14:48:15	7.867098579283439	0.29939925376912446	696.7927383622193	179.84619059476316
2024-11-01T14:48:45	7.962326390200205	0.30566404548027765	695.0499928302487	177.26647728676966
2024-11-01T14:49:15	7.68259517366207	0.44161076659514586	675.7393509333896	187.10555393329093
2024-11-01T14:49:45	7.592280749637524	0.30656397427789006	791.1703178729578	174.62418710872822
2024-11-01T14:50:15	8.144148227346502	0.46801040211082456	533.3513499880443	158.06026294493984
2024-11-01T14:50:45	7.765933874545152	0.32501835102727783	599.5670354695453	176.35863487206873
2024-11-01T14:51:15	7.396745782669456	0.33114819603495477	701.5841032791128	217.31680260884184
2024-11-01T14:51:45	7.334787328166545	0.5829562683631323	667.1275316594846	254.60958676781797
2024-11-01T14:52:15	6.907458424654172	0.1761895244340866	665.0677855694153	77.66634617449246
2024-11-01T14:52:45	6.628833156720294	0.372418323181738	842.3569863246223	233.10338271736202
2024-11-01T14:53:15	7.4728324409778875	0.38376903916573646	531.2502339765118	210.59295752522507
2024-11-01T14:53:45	6.679841631015033	0.17476022397783408	692.8351870594089	85.95173160848726
2024-11-01T14:54:15	6.772004522346967	0.19250281389236693	649.3852185174107	88.70326099288849
2024-11-01T14:54:45	6.600098653660833	0.18166468786568288	651.7333717364188	84.28364136884774
2024-11-01T14:55:15	6.588743643538535	0.17963597676971738	737.0741423360654	101.21390039021801
2024-11-01T14:55:45	6.703841214072048	0.19376699423811383	652.6373391866603	92.4765560744833
2024-11-01T14:56:15	6.392238427492697	0.1873212575749261	678.3270004445093	98.96952420992262
2024-11-01T14:56:45	6.519474760061593	0.18637313973924366	575.1910122451688	74.43987347718802
2024-11-01T14:57:15	6.4249360056045655	0.18999191911506447	665.1263605298409	96.59546426394705
2024-11-01T14:57:45	6.575687880670511	0.19636248653415603	605.9414409625329	89.44349333334142
2024-11-01T14:58:15	6.674866739564088	0.42256850741322416	538.833305524406	166.264609066779
2024-11-01T14:58:45	6.049058240105392	0.18643919381382418	716.8431656229527	111.6789784380031
2024-11-01T14:59:30.500000	6.732947833114501	0.28713296625693746	613.8509839679132	208.59244074997144
